delay(miu)            delay(sigma)            slew(miu)            slew(sigma)            power            input_slew            output_cap
5.3987609521799484e-11 1.11355022425208e-12 2.6392846241840573e-11 8.832071901089533e-13 1.3705789569939952e-05 50 15
5.5211498567464545e-11 1.2412395330313464e-12 3.1748766810002493e-11 5.735273909436567e-13 1.3712869986193255e-05 50 20
5.634194499837264e-11 1.236812735561088e-12 3.694257053044048e-11 1.1382650464547561e-12 1.3717150068259798e-05 50 25
5.709905465112186e-11 1.048090325465878e-12 4.182478668957046e-11 1.3898080819876868e-12 1.3720010429096874e-05 50 30
5.797054850043004e-11 8.584870011055235e-13 4.7562655203226e-11 1.429766786735509e-12 1.3721680261369329e-05 50 35
5.846598899461597e-11 9.10313816514241e-13 5.2877452416666415e-11 2.0139805621821605e-12 1.3722789844905492e-05 50 40
5.892839688437235e-11 9.421779762625038e-13 5.85141726738847e-11 2.09372558353238e-12 1.3723540178034455e-05 50 45
5.830901039782788e-11 1.1493313896090984e-12 2.6133081809653902e-11 5.695905444351446e-13 1.257683015865041e-05 55 15
5.946484971097732e-11 8.025832060575e-13 3.117352556647468e-11 1.4270502097721294e-12 1.2584019714267924e-05 55 20
6.016973724820573e-11 8.395374239550391e-13 3.645123439199871e-11 1.1342077450848809e-12 1.2588559911819175e-05 55 25
6.105285027535601e-11 8.506334200387988e-13 4.244790283158828e-11 1.5915865630641846e-12 1.2591120139404666e-05 55 30
6.165171151373272e-11 8.500428009053373e-13 4.768087313866687e-11 1.7185743930378528e-12 1.2592890016094316e-05 55 35
6.243863065469313e-11 8.846421316842379e-13 5.345628106834255e-11 1.8933867061005083e-12 1.2594069630722515e-05 55 40
6.30003063606388e-11 8.086833069506638e-13 5.909234213063996e-11 2.2161085900390676e-12 1.2594829968293197e-05 55 45
6.171724242776122e-11 9.638602849887379e-13 2.6809750600098603e-11 8.447930397760539e-13 1.159939984063385e-05 60 15
6.256849205410475e-11 1.134719054829425e-12 3.215771746112317e-11 7.887225486440108e-13 1.1605879990383983e-05 60 20
6.344515190992439e-11 1.1721278244877786e-12 3.7245075079628265e-11 1.2989546504388327e-12 1.16094797704136e-05 60 25
6.474740882334018e-11 1.4204147840563008e-12 4.237656406336221e-11 1.2095026586181334e-12 1.161203999799909e-05 60 30
6.549927961119195e-11 1.3776895206249473e-12 4.7850626239132055e-11 1.6099114229228828e-12 1.161360978585435e-05 60 35
6.642339456242041e-11 1.4636438762372084e-12 5.320366022742995e-11 1.8283007486435965e-12 1.161462023446802e-05 60 40
6.725196788348597e-11 1.4075284991352244e-12 5.833002830746281e-11 1.9197924500113928e-12 1.1615329640335403e-05 60 45
6.62766785897162e-11 1.4487815244365598e-12 2.6817895126818314e-11 6.069479229105224e-13 1.0771160305012017e-05 65 15
6.739939162336839e-11 1.1936271198872972e-12 3.11552693366135e-11 1.2616463863218685e-12 1.0777470379252918e-05 65 20
6.82000012020012e-11 1.1158375655753727e-12 3.6592517210776165e-11 1.1090388590123679e-12 1.0780860066006426e-05 65 25
6.899338739208005e-11 9.517672023770518e-13 4.224790309259596e-11 1.6699701517464138e-12 1.0783250218082685e-05 65 30
6.972420557582737e-11 8.810064765392422e-13 4.782676338299652e-11 1.7145825774791956e-12 1.0784799997054506e-05 65 35
7.046856154158121e-11 9.705323567379964e-13 5.367931793509584e-11 1.7785699128747279e-12 1.0785770427901298e-05 65 40
7.109025174090178e-11 9.937645324697986e-13 5.941411945764585e-11 2.3125047883543193e-12 1.0786459824885242e-05 65 45
6.958007781054931e-11 9.962931087764693e-13 2.6938024727529708e-11 8.043609723597245e-13 1.0054770427814219e-05 70 15
7.059953316401746e-11 1.1472690202365965e-12 3.26052969346069e-11 7.98339747174609e-13 1.0060300155600999e-05 70 20
7.136045920841383e-11 1.1709420325717312e-12 3.7571189215324097e-11 1.293510437649914e-12 1.0064140042231884e-05 70 25
7.229714049650227e-11 1.2615816594521712e-12 4.289914951050022e-11 1.2870766735381678e-12 1.006640013656579e-05 70 30
7.319747585832204e-11 1.3688898105324032e-12 4.825374821937345e-11 1.5331840614793424e-12 1.0067829862236977e-05 70 35
7.411041919036521e-11 1.472305133712326e-12 5.3531803989592674e-11 1.8181474121387042e-12 1.0068870324175805e-05 70 40
7.514605604441726e-11 1.5561369467315123e-12 5.893687621272292e-11 1.947303429616909e-12 1.0069559721159749e-05 70 45
7.354243602986088e-11 1.5537723017933214e-12 2.7633641902502504e-11 7.551880128187083e-13 9.423827577847987e-06 75 15
7.494276033082059e-11 1.589707965959919e-12 3.178528620861876e-11 1.0736781472578394e-12 9.428980774828233e-06 75 20
7.60514706765747e-11 1.4566402554636038e-12 3.7129004731850657e-11 9.217517157530941e-13 9.432495971850585e-06 75 25
7.7076546534105e-11 1.1527848987891165e-12 4.268740569357554e-11 1.6230960802818273e-12 9.43471968639642e-06 75 30
7.782587074789404e-11 1.2098074278488191e-12 4.836165148902616e-11 1.9543925939419227e-12 9.436060281586833e-06 75 35
7.831067044827833e-11 1.0386689338476307e-12 5.369273081701209e-11 1.7583431455650556e-12 9.437039807380643e-06 75 40
7.895608472585636e-11 1.02671473753424e-12 5.902342503638636e-11 2.1624386309371246e-12 9.437709195481148e-06 75 45
7.736643964362244e-11 1.0096830056066652e-12 2.7126547536004963e-11 6.301474099468241e-13 8.862793038133532e-06 80 15
7.829457915331517e-11 1.0710762788843087e-12 3.2761838381079045e-11 9.227401828737491e-13 8.868253644322976e-06 80 20
7.916336336455387e-11 1.1577778666338467e-12 3.7654615536730773e-11 1.5002127144725375e-12 8.871442332747392e-06 80 25
8.019119396296404e-11 1.3333532411854976e-12 4.32103346159618e-11 1.3095097922688481e-12 8.873330443748273e-06 80 30
8.107770704812722e-11 1.3841921315746464e-12 4.852479182360092e-11 1.7070338198532653e-12 8.8747292465996e-06 80 35
8.175835009005539e-11 1.459966045627703e-12 5.3939307881334386e-11 1.818999161365409e-12 8.875625098880846e-06 80 40
8.245298888098773e-11 1.385658515012933e-12 5.94678403742499e-11 2.0010508007539674e-12 8.876229912857525e-06 80 45
