0 0 130340 129780
source 0 0 0 0
num sink 530
1 99750 126000 0.601607
2 99750 124740 0.601607
3 96900 127260 0.601607
4 101080 122220 0.601607
5 97470 120960 0.601607
6 97850 119700 0.601607
7 100890 119700 0.601607
8 92530 122220 0.601607
9 91770 123480 0.601607
10 94810 119700 0.601607
11 96710 124740 0.601607
12 94240 126000 0.601607
13 91200 126000 0.601607
14 90060 128520 0.601607
15 91770 119700 0.601607
16 81130 75600 0.601607
17 75810 75600 0.601607
18 76760 68040 0.601607
19 79610 74340 0.601607
20 75620 66780 0.601607
21 70870 70560 0.601607
22 72770 75600 0.601607
23 68970 73080 0.601607
24 69350 74340 0.601607
25 68780 68040 0.601607
26 64410 65520 0.601607
27 69160 63000 0.601607
28 66690 66780 0.601607
29 57760 59220 0.601607
30 64030 68040 0.601607
31 59850 56700 0.601607
32 48450 10080 0.601607
33 45410 8820 0.601607
34 43130 3780 0.601607
35 45410 10080 0.601607
36 44460 6300 0.601607
37 41610 7560 0.601607
38 40470 8820 0.601607
39 42370 2520 0.601607
40 17860 25200 0.601607
41 23940 25200 0.601607
42 26980 25200 0.601607
43 18050 22680 0.601607
44 20900 25200 0.601607
45 26030 30240 0.601607
46 23370 28980 0.601607
47 23560 26460 0.601607
48 5130 6300 0.601607
49 5890 1260 0.601607
50 5700 3780 0.601607
51 41610 97020 0.601607
52 42560 103320 0.601607
53 41610 66780 0.601607
54 40470 61740 0.601607
55 42370 64260 0.601607
56 0 5040 0.601607
57 950 0 0.601607
58 3040 5040 0.601607
59 0 7560 0.601607
60 59090 52920 0.601607
61 38000 109620 0.601607
62 67640 78120 0.601607
63 32870 112140 0.601607
64 88160 83160 0.601607
65 66120 86940 0.601607
66 55670 64260 0.601607
67 87210 108360 0.601607
68 108680 74340 0.601607
69 89490 3780 0.601607
70 122930 27720 0.601607
71 108490 21420 0.601607
72 106400 75600 0.601607
73 94050 40320 0.601607
74 121030 23940 0.601607
75 99750 27720 0.601607
76 114190 73080 0.601607
77 93860 39060 0.601607
78 115710 28980 0.601607
79 99560 32760 0.601607
80 30780 126000 0.601607
81 30590 128520 0.601607
82 25270 127260 0.601607
83 27740 126000 0.601607
84 35340 128520 0.601607
85 38380 128520 0.601607
86 35910 126000 0.601607
87 33440 124740 0.601607
88 34010 123480 0.601607
89 28880 123480 0.601607
90 34580 118440 0.601607
91 32490 117180 0.601607
92 31160 114660 0.601607
93 29830 107100 0.601607
94 30780 104580 0.601607
95 41230 99540 0.601607
96 36480 103320 0.601607
97 39520 103320 0.601607
98 43130 104580 0.601607
99 33250 105840 0.601607
100 42940 100800 0.601607
101 35340 100800 0.601607
102 32490 95760 0.601607
103 34960 97020 0.601607
104 32300 100800 0.601607
105 33630 98280 0.601607
106 80370 80640 0.601607
107 79990 78120 0.601607
108 70110 65520 0.601607
109 72010 69300 0.601607
110 71630 64260 0.601607
111 71820 61740 0.601607
112 121220 73080 0.601607
113 121600 70560 0.601607
114 127300 70560 0.601607
115 125210 69300 0.601607
116 122550 68040 0.601607
117 123500 65520 0.601607
118 126540 65520 0.601607
119 125210 63000 0.601607
120 96900 39060 0.601607
121 98800 35280 0.601607
122 96710 37800 0.601607
123 110010 26460 0.601607
124 113050 23940 0.601607
125 113050 26460 0.601607
126 116090 23940 0.601607
127 123500 26460 0.601607
128 125970 27720 0.601607
129 127300 34020 0.601607
130 124640 32760 0.601607
131 125970 28980 0.601607
132 126160 21420 0.601607
133 125970 25200 0.601607
134 126920 15120 0.601607
135 127300 12600 0.601607
136 126160 18900 0.601607
137 127300 16380 0.601607
138 123690 30240 0.601607
139 126160 23940 0.601607
140 126350 8820 0.601607
141 126540 10080 0.601607
142 126350 6300 0.601607
143 126160 3780 0.601607
144 124260 73080 0.601607
145 122170 78120 0.601607
146 124640 75600 0.601607
147 120840 76860 0.601607
148 117800 76860 0.601607
149 101270 76860 0.601607
150 98990 79380 0.601607
151 90820 80640 0.601607
152 102410 127260 0.601607
153 29640 23940 0.601607
154 30020 22680 0.601607
155 70490 57960 0.601607
156 68780 61740 0.601607
157 65550 64260 0.601607
158 90440 108360 0.601607
159 64790 51660 0.601607
160 114570 74340 0.601607
161 55670 60480 0.601607
162 98230 76860 0.601607
163 35910 112140 0.601607
164 20330 39060 0.601607
165 95190 8820 0.601607
166 112480 75600 0.601607
167 114380 22680 0.601607
168 100700 26460 0.601607
169 41800 94500 0.601607
170 106210 73080 0.601607
171 60800 59220 0.601607
172 29450 27720 0.601607
173 65740 61740 0.601607
174 26600 26460 0.601607
175 63840 59220 0.601607
176 64980 57960 0.601607
177 77330 80640 0.601607
178 26220 34020 0.601607
179 60990 71820 0.601607
180 64410 55440 0.601607
181 70870 79380 0.601607
182 64030 71820 0.601607
183 59470 50400 0.601607
184 37810 110880 0.601607
185 104310 76860 0.601607
186 23750 35280 0.601607
187 87210 84420 0.601607
188 67640 47880 0.601607
189 87970 105840 0.601607
190 107160 78120 0.601607
191 64980 49140 0.601607
192 20900 34020 0.601607
193 89110 110880 0.601607
194 111720 76860 0.601607
195 18620 36540 0.601607
196 63080 76860 0.601607
197 57950 68040 0.601607
198 93860 79380 0.601607
199 56620 51660 0.601607
200 42560 107100 0.601607
201 82650 81900 0.601607
202 67830 79380 0.601607
203 60420 69300 0.601607
204 34200 114660 0.601607
205 63080 86940 0.601607
206 120840 25200 0.601607
207 105260 22680 0.601607
208 110200 78120 0.601607
209 92150 8820 0.601607
210 123500 22680 0.601607
211 102790 21420 0.601607
212 85120 8820 0.601607
213 118370 27720 0.601607
214 99750 30240 0.601607
215 90630 6300 0.601607
216 76950 78120 0.601607
217 111150 73080 0.601607
218 26410 28980 0.601607
219 66880 59220 0.601607
220 73910 78120 0.601607
221 29450 28980 0.601607
222 63080 63000 0.601607
223 69920 59220 0.601607
224 70870 78120 0.601607
225 60800 74340 0.601607
226 67450 55440 0.601607
227 67830 70560 0.601607
228 37050 13860 0.601607
229 67640 56700 0.601607
230 107730 79380 0.601607
231 92340 112140 0.601607
232 59850 47880 0.601607
233 62130 52920 0.601607
234 23370 32760 0.601607
235 104120 78120 0.601607
236 26790 35280 0.601607
237 110770 79380 0.601607
238 67830 46620 0.601607
239 21660 36540 0.601607
240 91200 83160 0.601607
241 60990 68040 0.601607
242 93670 81900 0.601607
243 39520 107100 0.601607
244 85690 81900 0.601607
245 65930 75600 0.601607
246 94050 0 0.601607
247 86260 2520 0.601607
248 83980 5040 0.601607
249 85880 6300 0.601607
250 53960 0 0.601607
251 54530 2520 0.601607
252 51870 1260 0.601607
253 51490 2520 0.601607
254 49590 0 0.601607
255 48450 5040 0.601607
256 46550 0 0.601607
257 48450 2520 0.601607
258 107350 104580 0.601607
259 106970 102060 0.601607
260 108490 108360 0.601607
261 108110 105840 0.601607
262 127300 90720 0.601607
263 127300 89460 0.601607
264 127300 84420 0.601607
265 125020 85680 0.601607
266 125210 61740 0.601607
267 127300 59220 0.601607
268 127300 60480 0.601607
269 124260 59220 0.601607
270 127300 55440 0.601607
271 127300 56700 0.601607
272 127300 0 0.601607
273 125590 2520 0.601607
274 91580 1260 0.601607
275 89870 2520 0.601607
276 88160 1260 0.601607
277 87020 5040 0.601607
278 86450 0 0.601607
279 82840 6300 0.601607
280 83220 2520 0.601607
281 83410 0 0.601607
282 45410 2520 0.601607
283 46170 3780 0.601607
284 43510 0 0.601607
285 40470 0 0.601607
286 42750 11340 0.601607
287 39710 11340 0.601607
288 40850 5040 0.601607
289 37810 5040 0.601607
290 127300 86940 0.601607
291 124260 84420 0.601607
292 127300 80640 0.601607
293 127300 83160 0.601607
294 122170 80640 0.601607
295 124830 81900 0.601607
296 119130 80640 0.601607
297 124260 79380 0.601607
298 124640 1260 0.601607
299 122550 2520 0.601607
300 121980 0 0.601607
301 119510 1260 0.601607
302 117230 0 0.601607
303 114190 0 0.601607
304 111150 0 0.601607
305 106590 0 0.601607
306 80180 2520 0.601607
307 80370 0 0.601607
308 77140 2520 0.601607
309 78090 1260 0.601607
310 75810 0 0.601607
311 74100 2520 0.601607
312 72770 0 0.601607
313 69730 0 0.601607
314 37240 7560 0.601607
315 38000 2520 0.601607
316 38000 1260 0.601607
317 34960 2520 0.601607
318 35530 0 0.601607
319 34770 5040 0.601607
320 36860 8820 0.601607
321 32490 0 0.601607
322 8360 0 0.601607
323 102600 74340 0.601607
324 92150 110880 0.601607
325 62510 50400 0.601607
326 21280 40320 0.601607
327 57380 57960 0.601607
328 85690 80640 0.601607
329 38760 94500 0.601607
330 109440 75600 0.601607
331 118180 26460 0.601607
332 103740 23940 0.601607
333 63460 60480 0.601607
334 91390 37800 0.601607
335 72580 66780 0.601607
336 34770 110880 0.601607
337 114760 76860 0.601607
338 70490 55440 0.601607
339 94240 117180 0.601607
340 97280 117180 0.601607
341 100130 118440 0.601607
342 97280 114660 0.601607
343 94240 114660 0.601607
344 99750 115920 0.601607
345 98040 113400 0.601607
346 95000 113400 0.601607
347 127300 79380 0.601607
348 125210 78120 0.601607
349 127300 76860 0.601607
350 121600 75600 0.601607
351 127300 74340 0.601607
352 127300 73080 0.601607
353 124830 71820 0.601607
354 118940 69300 0.601607
355 102030 0 0.601607
356 95950 2520 0.601607
357 98990 0 0.601607
358 96710 1260 0.601607
359 98990 2520 0.601607
360 97850 5040 0.601607
361 94810 5040 0.601607
362 89490 0 0.601607
363 63080 0 0.601607
364 57000 0 0.601607
365 60040 0 0.601607
366 50540 6300 0.601607
367 49970 12600 0.601607
368 47500 6300 0.601607
369 48450 8820 0.601607
370 51490 5040 0.601607
371 98230 110880 0.601607
372 103170 109620 0.601607
373 97090 109620 0.601607
374 101270 110880 0.601607
375 100130 109620 0.601607
376 106210 109620 0.601607
377 105640 107100 0.601607
378 95190 110880 0.601607
379 119510 68040 0.601607
380 120460 65520 0.601607
381 117420 65520 0.601607
382 116850 63000 0.601607
383 119130 61740 0.601607
384 119700 64260 0.601607
385 122170 61740 0.601607
386 122740 64260 0.601607
387 96710 6300 0.601607
388 91770 5040 0.601607
389 93670 6300 0.601607
390 92910 2520 0.601607
391 78470 76860 0.601607
392 45410 64260 0.601607
393 60420 64260 0.601607
394 28880 37800 0.601607
395 43890 68040 0.601607
396 28500 31500 0.601607
397 30020 55440 0.601607
398 24130 57960 0.601607
399 33820 56700 0.601607
400 28120 59220 0.601607
401 33630 51660 0.601607
402 27740 61740 0.601607
403 36670 51660 0.601607
404 27550 65520 0.601607
405 30970 44100 0.601607
406 21090 66780 0.601607
407 34010 49140 0.601607
408 24700 61740 0.601607
409 28120 52920 0.601607
410 24320 65520 0.601607
411 30970 50400 0.601607
412 24130 66780 0.601607
413 46930 68040 0.601607
414 28880 32760 0.601607
415 48070 61740 0.601607
416 25840 37800 0.601607
417 49590 64260 0.601607
418 23940 41580 0.601607
419 54340 57960 0.601607
420 26980 41580 0.601607
421 50160 66780 0.601607
422 23180 44100 0.601607
423 50350 59220 0.601607
424 25460 54180 0.601607
425 37810 63000 0.601607
426 22800 37800 0.601607
427 60800 61740 0.601607
428 33630 57960 0.601607
429 61370 65520 0.601607
430 42370 59220 0.601607
431 55860 66780 0.601607
432 51300 57960 0.601607
433 49970 68040 0.601607
434 43510 61740 0.601607
435 55290 69300 0.601607
436 37430 61740 0.601607
437 52630 64260 0.601607
438 45410 59220 0.601607
439 40660 71820 0.601607
440 33060 65520 0.601607
441 73720 73080 0.601607
442 57570 61740 0.601607
443 76760 73080 0.601607
444 55100 63000 0.601607
445 75620 70560 0.601607
446 51110 61740 0.601607
447 29830 46620 0.601607
448 22800 46620 0.601607
449 30020 41580 0.601607
450 27930 44100 0.601607
451 22420 51660 0.601607
452 23940 47880 0.601607
453 26600 46620 0.601607
454 25460 51660 0.601607
455 3610 63000 0.601607
456 26980 71820 0.601607
457 28120 105840 0.601607
458 0 105840 0.601607
459 0 108360 0.601607
460 18050 66780 0.601607
461 34010 94500 0.601607
462 26790 107100 0.601607
463 18050 88200 0.601607
464 23560 90720 0.601607
465 0 94500 0.601607
466 22420 55440 0.601607
467 21280 61740 0.601607
468 18810 65520 0.601607
469 22990 69300 0.601607
470 31730 71820 0.601607
471 33630 89460 0.601607
472 34580 91980 0.601607
473 38380 100800 0.601607
474 29260 95760 0.601607
475 23370 88200 0.601607
476 30780 90720 0.601607
477 0 104580 0.601607
478 1140 61740 0.601607
479 18620 63000 0.601607
480 8360 63000 0.601607
481 22230 70560 0.601607
482 37050 88200 0.601607
483 32110 74340 0.601607
484 38950 95760 0.601607
485 33440 103320 0.601607
486 29830 97020 0.601607
487 35340 54180 0.601607
488 38380 54180 0.601607
489 40850 55440 0.601607
490 43700 54180 0.601607
491 44460 52920 0.601607
492 46170 55440 0.601607
493 50920 55440 0.601607
494 56050 52920 0.601607
495 23560 74340 0.601607
496 23750 76860 0.601607
497 22800 83160 0.601607
498 23180 81900 0.601607
499 26220 78120 0.601607
500 34010 85680 0.601607
501 28880 75600 0.601607
502 22990 73080 0.601607
503 28120 114660 0.601607
504 26410 118440 0.601607
505 27170 120960 0.601607
506 29640 110880 0.601607
507 31540 118440 0.601607
508 30400 120960 0.601607
509 35150 120960 0.601607
510 29260 117180 0.601607
511 37620 71820 0.601607
512 34960 70560 0.601607
513 36290 68040 0.601607
514 39330 68040 0.601607
515 31540 66780 0.601607
516 33250 60480 0.601607
517 28500 66780 0.601607
518 34770 63000 0.601607
519 34960 83160 0.601607
520 26980 84420 0.601607
521 33820 81900 0.601607
522 33250 79380 0.601607
523 32490 76860 0.601607
524 26030 73080 0.601607
525 26790 76860 0.601607
526 26980 86940 0.601607
527 26600 80640 0.601607
528 25840 83160 0.601607
529 30970 88200 0.601607
530 34010 88200 0.601607
num wirelib 1
0 0.004 0.000257
num buflib 9
0 buf0.subckt 0 0.757644 0 0
1 buf1.subckt 0 0.885091 0 0
2 buf2.subckt 0 1.288130 0 0
3 buf3.subckt 0 1.455490 0 0
4 buf4.subckt 0 1.590700 0 0
5 buf5.subckt 0 1.949730 0 0
6 buf6.subckt 0 2.310470 0 0
7 buf7.subckt 0 2.532740 0 0
8 buf8.subckt 0 3.788340 0 0
simulation vdd 0.55
limit slew 1000
limit cap 118000
num blockage 0
