0 0 11000 11000
source 0 0 0 0
num sink 121
1 621.510 687.103 35
2 431.240 1449.166 35
3 261.732 2405.588 35
4 701.213 3334.174 35
5 520.350 4683.492 35
6 549.643 5698.487 35
7 639.090 6424.544 35
8 394.173 7738.619 35
9 518.009 8667.593 35
10 545.176 9270.564 35
11 443.054 10711.899 35
12 1487.459 690.590 35
13 1437.887 1508.993 35
14 1347.161 2648.901 35
15 1557.745 3497.190 35
16 1606.776 4436.453 35
17 1509.412 5455.073 35
18 1385.263 6724.721 35
19 1614.256 7589.797 35
20 1733.628 8640.994 35
21 1606.622 9275.666 35
22 1626.328 10642.173 35
23 2642.551 446.789 35
24 2724.243 1522.215 35
25 2662.908 2586.021 35
26 2591.234 3352.172 35
27 2428.490 4260.265 35
28 2510.389 5477.182 35
29 2304.851 6331.380 35
30 2741.453 7347.066 35
31 2692.404 8432.518 35
32 2712.860 9722.142 35
33 2258.319 10284.125 35
34 3451.740 404.263 35
35 3254.933 1432.790 35
36 3326.640 2396.378 35
37 3293.387 3412.768 35
38 3440.091 4288.536 35
39 3358.306 5545.531 35
40 3643.122 6521.175 35
41 3391.139 7630.979 35
42 3509.069 8749.952 35
43 3266.788 9426.808 35
44 3659.192 10662.802 35
45 4435.036 724.388 35
46 4263.612 1307.161 35
47 4678.716 2682.858 35
48 4385.629 3621.532 35
49 4552.294 4683.099 35
50 4609.580 5724.291 35
51 4344.384 6372.778 35
52 4707.954 7457.505 35
53 4256.604 8738.614 35
54 4304.628 9273.727 35
55 4598.931 10415.976 35
56 5271.745 668.658 35
57 5272.498 1615.339 35
58 5628.357 2326.793 35
59 5287.508 3354.197 35
60 5261.376 4355.910 35
61 5353.839 5358.845 35
62 5362.260 6529.674 35
63 5281.151 7277.862 35
64 5416.266 8746.488 35
65 5544.118 9595.781 35
66 5721.614 10302.877 35
67 6456.112 476.894 35
68 6681.914 1497.531 35
69 6664.678 2713.594 35
70 6661.294 3649.102 35
71 6636.866 4517.355 35
72 6524.379 5268.977 35
73 6358.415 6722.174 35
74 6585.343 7266.617 35
75 6583.535 8476.929 35
76 6646.296 9637.314 35
77 6261.213 10474.054 35
78 7426.216 743.050 35
79 7638.203 1494.674 35
80 7630.167 2519.858 35
81 7321.066 3475.015 35
82 7323.742 4647.974 35
83 7631.386 5603.430 35
84 7400.332 6393.047 35
85 7435.744 7712.706 35
86 7726.153 8651.740 35
87 7589.873 9516.902 35
88 7338.925 10717.580 35
89 8433.860 267.335 35
90 8655.928 1372.728 35
91 8680.218 2637.678 35
92 8413.055 3628.307 35
93 8481.328 4445.551 35
94 8631.740 5495.498 35
95 8668.359 6537.266 35
96 8270.566 7607.367 35
97 8255.444 8296.270 35
98 8314.455 9308.312 35
99 8475.143 10534.795 35
100 9439.953 535.380 35
101 9692.207 1625.549 35
102 9349.915 2680.047 35
103 9659.996 3267.053 35
104 9526.359 4707.369 35
105 9279.021 5526.504 35
106 9614.145 6633.746 35
107 9370.528 7299.344 35
108 9630.041 8607.623 35
109 9734.499 9479.829 35
110 9627.669 10576.884 35
111 10454.565 373.975 35
112 10626.295 1460.846 35
113 10489.896 2260.654 35
114 10294.760 3416.876 35
115 10542.905 4331.167 35
116 10436.570 5315.711 35
117 10662.556 6708.268 35
118 10340.765 7724.436 35
119 10476.053 8565.826 35
120 10489.315 9671.339 35
121 10690.739 10376.679 35
num wirelib 2
0 0.0001 0.0002
1 0.0003 0.00016
num buflib 5
0 clkinv0.subckt 0 5 40 61.2
1 clkinv1.subckt 0 10 50 55
2 clkinv2.subckt 0 20 60 50
3 clkinv3.subckt 0 40 70 45
4 clkinv4.subckt 0 80 80 40
simulation vdd 0.55
limit slew 200
limit cap 118000
num blockage 0
