0 0 110000 110000
source 0 0 0 0
num sink 121
1 6215 6871 0.601607
2 4312 14491 0.601607
3 2617 24055 0.601607
4 7012 33341 0.601607
5 5203 46834 0.601607
6 5496 56984 0.601607
7 6390 64245 0.601607
8 3941 77386 0.601607
9 5180 86675 0.601607
10 5451 92705 0.601607
11 4430 107118 0.601607
12 14874 6905 0.601607
13 14378 15089 0.601607
14 13471 26489 0.601607
15 15577 34971 0.601607
16 16067 44364 0.601607
17 15094 54550 0.601607
18 13852 67247 0.601607
19 16142 75897 0.601607
20 17336 86409 0.601607
21 16066 92756 0.601607
22 16263 106421 0.601607
23 26425 4467 0.601607
24 27242 15222 0.601607
25 26629 25860 0.601607
26 25912 33521 0.601607
27 24284 42602 0.601607
28 25103 54771 0.601607
29 23048 63313 0.601607
30 27414 73470 0.601607
31 26924 84325 0.601607
32 27128 97221 0.601607
33 22583 102841 0.601607
34 34517 4042 0.601607
35 32549 14327 0.601607
36 33266 23963 0.601607
37 32933 34127 0.601607
38 34400 42885 0.601607
39 33583 55455 0.601607
40 36431 65211 0.601607
41 33911 76309 0.601607
42 35090 87499 0.601607
43 32667 94268 0.601607
44 36591 106628 0.601607
45 44350 7243 0.601607
46 42636 13071 0.601607
47 46787 26828 0.601607
48 43856 36215 0.601607
49 45522 46830 0.601607
50 46095 57242 0.601607
51 43443 63727 0.601607
52 47079 74575 0.601607
53 42566 87386 0.601607
54 43046 92737 0.601607
55 45989 104159 0.601607
56 52717 6686 0.601607
57 52724 16153 0.601607
58 56283 23267 0.601607
59 52875 33541 0.601607
60 52613 43559 0.601607
61 53538 53588 0.601607
62 53622 65296 0.601607
63 52811 72778 0.601607
64 54162 87464 0.601607
65 55441 95957 0.601607
66 57216 103028 0.601607
67 64561 4768 0.601607
68 66819 14975 0.601607
69 66646 27135 0.601607
70 66612 36491 0.601607
71 66368 45173 0.601607
72 65243 52689 0.601607
73 63584 67221 0.601607
74 65853 72666 0.601607
75 65835 84769 0.601607
76 66462 96373 0.601607
77 62612 104740 0.601607
78 74262 7430 0.601607
79 76382 14946 0.601607
80 76301 25198 0.601607
81 73210 34750 0.601607
82 73237 46479 0.601607
83 76313 56034 0.601607
84 74003 63930 0.601607
85 74357 77127 0.601607
86 77261 86517 0.601607
87 75898 95169 0.601607
88 73389 107175 0.601607
89 84338 2673 0.601607
90 86559 13727 0.601607
91 86802 26376 0.601607
92 84130 36283 0.601607
93 84813 44455 0.601607
94 86317 54954 0.601607
95 86683 65372 0.601607
96 82705 76073 0.601607
97 82554 82962 0.601607
98 83144 93083 0.601607
99 84751 105347 0.601607
100 94399 5353 0.601607
101 96922 16255 0.601607
102 93499 26800 0.601607
103 96599 32670 0.601607
104 95263 47073 0.601607
105 92790 55265 0.601607
106 96141 66337 0.601607
107 93705 72993 0.601607
108 96300 86076 0.601607
109 97344 94798 0.601607
110 96276 105768 0.601607
111 104545 3739 0.601607
112 106262 14608 0.601607
113 104898 22606 0.601607
114 102947 34168 0.601607
115 105429 43311 0.601607
116 104365 53157 0.601607
117 106625 67082 0.601607
118 103407 77244 0.601607
119 104760 85658 0.601607
120 104893 96713 0.601607
121 106907 103766 0.601607
num wirelib 1
0 0.004 0.000257
num buflib 9
0 buf0.subckt 0 0.757644 0 0
1 buf1.subckt 0 0.885091 0 0
2 buf2.subckt 0 1.288130 0 0
3 buf3.subckt 0 1.455490 0 0
4 buf4.subckt 0 1.590700 0 0
5 buf5.subckt 0 1.949730 0 0
6 buf6.subckt 0 2.310470 0 0
7 buf7.subckt 0 2.532740 0 0
8 buf8.subckt 0 3.788340 0 0
simulation vdd 0.55
limit slew 1000
limit cap 118000
num blockage 0
