0 0 112100 110880
source 0 0 0 0
num sink 1126
1 68780 25200 0.601607
2 78470 98280 0.601607
3 81130 99540 0.601607
4 76950 97020 0.601607
5 76380 85680 0.601607
6 74100 78120 0.601607
7 76380 75600 0.601607
8 78090 73080 0.601607
9 81130 73080 0.601607
10 71440 71820 0.601607
11 75620 74340 0.601607
12 68020 69300 0.601607
13 71060 69300 0.601607
14 74860 71820 0.601607
15 74100 69300 0.601607
16 64980 69300 0.601607
17 65360 66780 0.601607
18 0 66780 0.601607
19 5700 68040 0.601607
20 0 64260 0.601607
21 0 69300 0.601607
22 33060 54180 0.601607
23 34010 51660 0.601607
24 43130 45360 0.601607
25 3040 71820 0.601607
26 3230 74340 0.601607
27 3230 88200 0.601607
28 3610 85680 0.601607
29 62890 23940 0.601607
30 59280 23940 0.601607
31 9500 5040 0.601607
32 3420 81900 0.601607
33 4560 78120 0.601607
34 33630 64260 0.601607
35 7980 47880 0.601607
36 14820 76860 0.601607
37 25840 66780 0.601607
38 27550 71820 0.601607
39 60230 66780 0.601607
40 59090 61740 0.601607
41 60420 64260 0.601607
42 54720 57960 0.601607
43 41230 41580 0.601607
44 30210 45360 0.601607
45 52250 66780 0.601607
46 36290 42840 0.601607
47 11970 21420 0.601607
48 3040 41580 0.601607
49 0 54180 0.601607
50 0 59220 0.601607
51 0 57960 0.601607
52 5890 60480 0.601607
53 3990 49140 0.601607
54 0 71820 0.601607
55 33630 21420 0.601607
56 37050 25200 0.601607
57 22990 18900 0.601607
58 30590 18900 0.601607
59 57950 31500 0.601607
60 58330 35280 0.601607
61 62320 35280 0.601607
62 55670 46620 0.601607
63 58710 57960 0.601607
64 58710 54180 0.601607
65 61180 40320 0.601607
66 42940 30240 0.601607
67 58520 44100 0.601607
68 55290 49140 0.601607
69 57190 40320 0.601607
70 58520 56700 0.601607
71 58710 36540 0.601607
72 57570 39060 0.601607
73 59090 47880 0.601607
74 59090 60480 0.601607
75 53960 51660 0.601607
76 37810 27720 0.601607
77 22420 32760 0.601607
78 24510 23940 0.601607
79 24130 56700 0.601607
80 22420 47880 0.601607
81 18430 47880 0.601607
82 24510 52920 0.601607
83 21850 22680 0.601607
84 25080 27720 0.601607
85 22230 37800 0.601607
86 17860 22680 0.601607
87 0 39060 0.601607
88 0 42840 0.601607
89 0 34020 0.601607
90 21090 27720 0.601607
91 23370 35280 0.601607
92 26410 30240 0.601607
93 22800 20160 0.601607
94 26410 55440 0.601607
95 26220 51660 0.601607
96 23940 50400 0.601607
97 25270 59220 0.601607
98 25080 26460 0.601607
99 25080 31500 0.601607
100 38950 30240 0.601607
101 53960 55440 0.601607
102 63650 63000 0.601607
103 62510 51660 0.601607
104 64600 39060 0.601607
105 62510 37800 0.601607
106 62510 56700 0.601607
107 59280 42840 0.601607
108 58520 50400 0.601607
109 59660 46620 0.601607
110 44460 27720 0.601607
111 63650 41580 0.601607
112 62700 54180 0.601607
113 63460 60480 0.601607
114 63080 47880 0.601607
115 65930 34020 0.601607
116 65930 31500 0.601607
117 61940 31500 0.601607
118 32680 17640 0.601607
119 26410 17640 0.601607
120 38190 23940 0.601607
121 34200 23940 0.601607
122 76570 88200 0.601607
123 80370 102060 0.601607
124 77330 102060 0.601607
125 75430 100800 0.601607
126 73530 88200 0.601607
127 67830 64260 0.601607
128 64600 65520 0.601607
129 68400 66780 0.601607
130 1330 16380 0.601607
131 3990 75600 0.601607
132 21850 75600 0.601607
133 15960 20160 0.601607
134 54720 15120 0.601607
135 44460 25200 0.601607
136 56430 12600 0.601607
137 43890 17640 0.601607
138 17290 73080 0.601607
139 50160 13860 0.601607
140 34200 13860 0.601607
141 15200 17640 0.601607
142 50920 16380 0.601607
143 30400 12600 0.601607
144 22420 11340 0.601607
145 19380 13860 0.601607
146 32110 15120 0.601607
147 20330 46620 0.601607
148 7790 22680 0.601607
149 30210 49140 0.601607
150 26410 47880 0.601607
151 20140 44100 0.601607
152 22800 16380 0.601607
153 18810 16380 0.601607
154 7410 20160 0.601607
155 18240 68040 0.601607
156 22040 74340 0.601607
157 5510 64260 0.601607
158 0 47880 0.601607
159 0 49140 0.601607
160 4180 66780 0.601607
161 4180 51660 0.601607
162 8170 65520 0.601607
163 0 45360 0.601607
164 0 51660 0.601607
165 11780 61740 0.601607
166 2470 70560 0.601607
167 33250 44100 0.601607
168 51680 68040 0.601607
169 29260 42840 0.601607
170 40280 42840 0.601607
171 51110 59220 0.601607
172 56240 66780 0.601607
173 55100 60480 0.601607
174 58140 68040 0.601607
175 25080 73080 0.601607
176 22230 68040 0.601607
177 8930 69300 0.601607
178 3990 47880 0.601607
179 30210 65520 0.601607
180 29070 73080 0.601607
181 34010 71820 0.601607
182 32490 76860 0.601607
183 56240 71820 0.601607
184 43130 47880 0.601607
185 50540 74340 0.601607
186 51870 75600 0.601607
187 26220 39060 0.601607
188 7600 78120 0.601607
189 9690 41580 0.601607
190 6840 76860 0.601607
191 6840 74340 0.601607
192 10830 68040 0.601607
193 12160 65520 0.601607
194 19190 40320 0.601607
195 24320 46620 0.601607
196 23180 40320 0.601607
197 20900 71820 0.601607
198 15580 74340 0.601607
199 7790 71820 0.601607
200 10830 76860 0.601607
201 9690 39060 0.601607
202 11590 78120 0.601607
203 27550 36540 0.601607
204 30590 47880 0.601607
205 54720 74340 0.601607
206 52060 78120 0.601607
207 43510 50400 0.601607
208 58140 70560 0.601607
209 32490 74340 0.601607
210 35530 69300 0.601607
211 29070 75600 0.601607
212 0 75600 0.601607
213 3610 40320 0.601607
214 0 73080 0.601607
215 0 21420 0.601607
216 3800 23940 0.601607
217 0 81900 0.601607
218 6840 42840 0.601607
219 3230 35280 0.601607
220 3420 44100 0.601607
221 29830 63000 0.601607
222 32870 63000 0.601607
223 23750 65520 0.601607
224 30970 55440 0.601607
225 15770 37800 0.601607
226 15200 46620 0.601607
227 21470 61740 0.601607
228 24700 64260 0.601607
229 7030 26460 0.601607
230 12730 31500 0.601607
231 18240 28980 0.601607
232 9500 25200 0.601607
233 20900 56700 0.601607
234 14820 54180 0.601607
235 7600 50400 0.601607
236 9120 55440 0.601607
237 14820 22680 0.601607
238 14630 23940 0.601607
239 34770 26460 0.601607
240 40090 51660 0.601607
241 45980 57960 0.601607
242 47310 55440 0.601607
243 57380 30240 0.601607
244 55670 32760 0.601607
245 40470 57960 0.601607
246 40470 46620 0.601607
247 43700 59220 0.601607
248 40280 49140 0.601607
249 40470 36540 0.601607
250 40090 45360 0.601607
251 31350 57960 0.601607
252 33630 56700 0.601607
253 50920 52920 0.601607
254 52060 27720 0.601607
255 52250 30240 0.601607
256 49020 26460 0.601607
257 31350 27720 0.601607
258 28500 23940 0.601607
259 41230 28980 0.601607
260 31160 22680 0.601607
261 0 25200 0.601607
262 7790 37800 0.601607
263 35720 55440 0.601607
264 49210 66780 0.601607
265 46930 65520 0.601607
266 47310 42840 0.601607
267 48830 46620 0.601607
268 53010 47880 0.601607
269 55480 44100 0.601607
270 54150 45360 0.601607
271 54150 40320 0.601607
272 41610 39060 0.601607
273 31540 36540 0.601607
274 46740 40320 0.601607
275 34960 36540 0.601607
276 0 26460 0.601607
277 1900 37800 0.601607
278 0 55440 0.601607
279 2850 60480 0.601607
280 6840 40320 0.601607
281 6840 35280 0.601607
282 4560 57960 0.601607
283 1900 65520 0.601607
284 190 63000 0.601607
285 1520 80640 0.601607
286 190 83160 0.601607
287 2280 84420 0.601607
288 18810 31500 0.601607
289 11590 23940 0.601607
290 18810 54180 0.601607
291 15390 52920 0.601607
292 15200 49140 0.601607
293 9120 51660 0.601607
294 15200 28980 0.601607
295 15770 31500 0.601607
296 31350 28980 0.601607
297 52060 50400 0.601607
298 47880 32760 0.601607
299 52250 34020 0.601607
300 49780 31500 0.601607
301 35530 32760 0.601607
302 29070 31500 0.601607
303 43890 34020 0.601607
304 32490 32760 0.601607
305 27170 65520 0.601607
306 29260 59220 0.601607
307 26790 63000 0.601607
308 30400 52920 0.601607
309 14820 35280 0.601607
310 8930 45360 0.601607
311 22230 59220 0.601607
312 24510 61740 0.601607
313 19190 59220 0.601607
314 10450 56700 0.601607
315 7220 54180 0.601607
316 7980 57960 0.601607
317 13870 36540 0.601607
318 30590 34020 0.601607
319 47880 52920 0.601607
320 53010 37800 0.601607
321 47120 45360 0.601607
322 52060 39060 0.601607
323 38190 34020 0.601607
324 26980 34020 0.601607
325 47310 36540 0.601607
326 35150 34020 0.601607
327 0 31500 0.601607
328 0 28980 0.601607
329 30970 51660 0.601607
330 46550 63000 0.601607
331 43320 63000 0.601607
332 41230 35280 0.601607
333 43890 36540 0.601607
334 0 61740 0.601607
335 1330 76860 0.601607
336 0 79380 0.601607
337 380 86940 0.601607
338 0 85680 0.601607
339 0 5040 0.601607
340 3990 31500 0.601607
341 9310 30240 0.601607
342 3990 28980 0.601607
343 0 18900 0.601607
344 3990 17640 0.601607
345 2090 6300 0.601607
346 6270 32760 0.601607
347 10450 35280 0.601607
348 0 22680 0.601607
349 42370 52920 0.601607
350 49020 60480 0.601607
351 49020 57960 0.601607
352 46930 35280 0.601607
353 52630 36540 0.601607
354 40660 60480 0.601607
355 41230 55440 0.601607
356 39520 63000 0.601607
357 37050 51660 0.601607
358 37810 35280 0.601607
359 34580 47880 0.601607
360 34770 59220 0.601607
361 34390 61740 0.601607
362 12730 27720 0.601607
363 13110 34020 0.601607
364 5890 94500 0.601607
365 9120 94500 0.601607
366 10640 98280 0.601607
367 13680 98280 0.601607
368 15010 97020 0.601607
369 6080 103320 0.601607
370 6080 109620 0.601607
371 3040 103320 0.601607
372 5700 100800 0.601607
373 3230 99540 0.601607
374 1710 89460 0.601607
375 0 88200 0.601607
376 2470 95760 0.601607
377 9310 100800 0.601607
378 20710 103320 0.601607
379 22990 109620 0.601607
380 20900 105840 0.601607
381 19950 109620 0.601607
382 11400 109620 0.601607
383 19000 79380 0.601607
384 25080 83160 0.601607
385 13300 80640 0.601607
386 15960 79380 0.601607
387 24510 80640 0.601607
388 28120 98280 0.601607
389 30210 103320 0.601607
390 28500 102060 0.601607
391 27360 104580 0.601607
392 24700 85680 0.601607
393 26220 78120 0.601607
394 33630 79380 0.601607
395 23750 76860 0.601607
396 20330 78120 0.601607
397 29260 76860 0.601607
398 27740 85680 0.601607
399 32300 88200 0.601607
400 25840 89460 0.601607
401 24890 105840 0.601607
402 34960 80640 0.601607
403 34200 83160 0.601607
404 26220 107100 0.601607
405 26410 100800 0.601607
406 23940 90720 0.601607
407 26220 97020 0.601607
408 23180 104580 0.601607
409 11970 95760 0.601607
410 14060 94500 0.601607
411 3990 90720 0.601607
412 12350 91980 0.601607
413 12350 85680 0.601607
414 6460 81900 0.601607
415 8360 80640 0.601607
416 11590 81900 0.601607
417 35720 97020 0.601607
418 34770 89460 0.601607
419 34580 91980 0.601607
420 37430 99540 0.601607
421 33250 104580 0.601607
422 33250 102060 0.601607
423 34010 98280 0.601607
424 34960 100800 0.601607
425 31160 94500 0.601607
426 29640 97020 0.601607
427 34390 94500 0.601607
428 35340 93240 0.601607
429 37430 81900 0.601607
430 34010 85680 0.601607
431 36480 84420 0.601607
432 12160 107100 0.601607
433 5320 84420 0.601607
434 8930 85680 0.601607
435 6840 83160 0.601607
436 11590 89460 0.601607
437 3040 109620 0.601607
438 9120 108360 0.601607
439 16910 109620 0.601607
440 79990 97020 0.601607
441 85120 97020 0.601607
442 100320 84420 0.601607
443 99940 88200 0.601607
444 109060 86940 0.601607
445 95760 64260 0.601607
446 91770 61740 0.601607
447 91770 60480 0.601607
448 14820 108360 0.601607
449 9120 105840 0.601607
450 9310 103320 0.601607
451 0 97020 0.601607
452 0 90720 0.601607
453 380 93240 0.601607
454 380 100800 0.601607
455 0 103320 0.601607
456 380 105840 0.601607
457 0 109620 0.601607
458 88540 65520 0.601607
459 84740 71820 0.601607
460 87970 66780 0.601607
461 87020 69300 0.601607
462 94240 88200 0.601607
463 88730 78120 0.601607
464 88160 74340 0.601607
465 93860 75600 0.601607
466 93670 73080 0.601607
467 90630 83160 0.601607
468 89490 80640 0.601607
469 88540 84420 0.601607
470 94430 84420 0.601607
471 91580 79380 0.601607
472 87970 88200 0.601607
473 79800 76860 0.601607
474 81890 75600 0.601607
475 79800 78120 0.601607
476 84170 73080 0.601607
477 86830 83160 0.601607
478 83790 83160 0.601607
479 84740 84420 0.601607
480 84930 88200 0.601607
481 83030 79380 0.601607
482 76570 93240 0.601607
483 78470 84420 0.601607
484 79230 86940 0.601607
485 79610 88200 0.601607
486 79800 81900 0.601607
487 74290 79380 0.601607
488 73530 81900 0.601607
489 78090 95760 0.601607
490 77140 89460 0.601607
491 77330 79380 0.601607
492 109060 78120 0.601607
493 95000 78120 0.601607
494 98610 73080 0.601607
495 99180 70560 0.601607
496 96900 75600 0.601607
497 105640 71820 0.601607
498 102220 70560 0.601607
499 105830 79380 0.601607
500 109060 84420 0.601607
501 109060 70560 0.601607
502 91200 91980 0.601607
503 88730 93240 0.601607
504 91010 88200 0.601607
505 87780 95760 0.601607
506 82270 89460 0.601607
507 82650 91980 0.601607
508 81700 98280 0.601607
509 100890 68040 0.601607
510 93860 69300 0.601607
511 98800 65520 0.601607
512 101650 69300 0.601607
513 99750 100800 0.601607
514 86830 104580 0.601607
515 88540 105840 0.601607
516 93480 100800 0.601607
517 91770 102060 0.601607
518 96330 97020 0.601607
519 96520 100800 0.601607
520 99750 98280 0.601607
521 99750 97020 0.601607
522 94430 90720 0.601607
523 109060 98280 0.601607
524 85690 103320 0.601607
525 84170 99540 0.601607
526 87210 98280 0.601607
527 87210 99540 0.601607
528 90250 97020 0.601607
529 90250 98280 0.601607
530 109060 95760 0.601607
531 102600 94500 0.601607
532 91010 94500 0.601607
533 109060 89460 0.601607
534 95570 81900 0.601607
535 101650 81900 0.601607
536 101080 78120 0.601607
537 98610 81900 0.601607
538 106020 75600 0.601607
539 102980 75600 0.601607
540 104880 81900 0.601607
541 103360 84420 0.601607
542 109060 75600 0.601607
543 109060 100800 0.601607
544 91200 107100 0.601607
545 92720 109620 0.601607
546 95760 109620 0.601607
547 97280 105840 0.601607
548 100510 93240 0.601607
549 97660 90720 0.601607
550 106210 91980 0.601607
551 109060 93240 0.601607
552 98230 86940 0.601607
553 98800 109620 0.601607
554 100320 105840 0.601607
555 109060 107100 0.601607
556 99370 104580 0.601607
557 97850 102060 0.601607
558 106020 100800 0.601607
559 103170 91980 0.601607
560 99940 89460 0.601607
561 109060 90720 0.601607
562 104880 109620 0.601607
563 101840 109620 0.601607
564 109060 104580 0.601607
565 18810 76860 0.601607
566 26030 75600 0.601607
567 22040 8820 0.601607
568 15580 7560 0.601607
569 8170 3780 0.601607
570 6650 0 0.601607
571 4940 1260 0.601607
572 3040 0 0.601607
573 22040 7560 0.601607
574 22990 3780 0.601607
575 36670 8820 0.601607
576 71060 3780 0.601607
577 64790 0 0.601607
578 66120 2520 0.601607
579 68020 3780 0.601607
580 72580 5040 0.601607
581 35910 2520 0.601607
582 35720 6300 0.601607
583 34580 7560 0.601607
584 34770 11340 0.601607
585 16340 8820 0.601607
586 19380 11340 0.601607
587 28690 7560 0.601607
588 24700 6300 0.601607
589 62700 3780 0.601607
590 59660 3780 0.601607
591 59280 1260 0.601607
592 56430 3780 0.601607
593 20710 2520 0.601607
594 31540 8820 0.601607
595 41230 3780 0.601607
596 38000 3780 0.601607
597 40090 80640 0.601607
598 40660 81900 0.601607
599 44650 76860 0.601607
600 46360 85680 0.601607
601 41420 91980 0.601607
602 40470 88200 0.601607
603 40090 90720 0.601607
604 40090 85680 0.601607
605 48260 73080 0.601607
606 40850 73080 0.601607
607 36860 79380 0.601607
608 36480 76860 0.601607
609 51870 80640 0.601607
610 53010 86940 0.601607
611 43700 81900 0.601607
612 51110 88200 0.601607
613 47690 88200 0.601607
614 39330 98280 0.601607
615 44650 95760 0.601607
616 41610 97020 0.601607
617 47310 71820 0.601607
618 38760 74340 0.601607
619 46550 74340 0.601607
620 44270 73080 0.601607
621 3040 2520 0.601607
622 0 2520 0.601607
623 26030 3780 0.601607
624 14250 2520 0.601607
625 57190 25200 0.601607
626 38000 20160 0.601607
627 49020 20160 0.601607
628 53580 17640 0.601607
629 41800 22680 0.601607
630 41420 10080 0.601607
631 38190 15120 0.601607
632 36100 16380 0.601607
633 37810 12600 0.601607
634 47120 13860 0.601607
635 53010 83160 0.601607
636 41610 104580 0.601607
637 40470 100800 0.601607
638 42940 98280 0.601607
639 51110 94500 0.601607
640 67070 88200 0.601607
641 64030 93240 0.601607
642 69540 89460 0.601607
643 66310 99540 0.601607
644 64410 105840 0.601607
645 55860 105840 0.601607
646 52820 105840 0.601607
647 58900 105840 0.601607
648 58710 76860 0.601607
649 60230 71820 0.601607
650 58900 78120 0.601607
651 58710 81900 0.601607
652 65740 81900 0.601607
653 61560 80640 0.601607
654 58140 91980 0.601607
655 56240 97020 0.601607
656 52820 8820 0.601607
657 47880 8820 0.601607
658 41990 7560 0.601607
659 38380 7560 0.601607
660 72200 97020 0.601607
661 72770 99540 0.601607
662 75240 94500 0.601607
663 73340 102060 0.601607
664 71250 104580 0.601607
665 64600 108360 0.601607
666 59470 109620 0.601607
667 69540 109620 0.601607
668 68400 74340 0.601607
669 71060 78120 0.601607
670 70680 76860 0.601607
671 73150 86940 0.601607
672 73340 85680 0.601607
673 70870 80640 0.601607
674 63650 89460 0.601607
675 63270 98280 0.601607
676 57380 6300 0.601607
677 53390 3780 0.601607
678 50350 2520 0.601607
679 47310 2520 0.601607
680 60420 26460 0.601607
681 63460 28980 0.601607
682 57000 20160 0.601607
683 58710 21420 0.601607
684 55670 16380 0.601607
685 60420 18900 0.601607
686 60420 13860 0.601607
687 58710 15120 0.601607
688 57950 11340 0.601607
689 59090 10080 0.601607
690 62320 7560 0.601607
691 53200 89460 0.601607
692 47690 104580 0.601607
693 49210 102060 0.601607
694 49020 98280 0.601607
695 51870 90720 0.601607
696 70870 95760 0.601607
697 69730 99540 0.601607
698 72200 93240 0.601607
699 70300 102060 0.601607
700 69350 105840 0.601607
701 62510 109620 0.601607
702 57570 107100 0.601607
703 66500 109620 0.601607
704 64980 73080 0.601607
705 68780 79380 0.601607
706 67450 75600 0.601607
707 70110 86940 0.601607
708 70870 84420 0.601607
709 67830 80640 0.601607
710 62320 86940 0.601607
711 62700 95760 0.601607
712 54340 6300 0.601607
713 51300 6300 0.601607
714 48070 6300 0.601607
715 44270 2520 0.601607
716 55480 22680 0.601607
717 55100 26460 0.601607
718 40090 21420 0.601607
719 50350 21420 0.601607
720 54720 21420 0.601607
721 45980 20160 0.601607
722 43320 15120 0.601607
723 41040 13860 0.601607
724 37620 18900 0.601607
725 38380 10080 0.601607
726 46360 15120 0.601607
727 55670 81900 0.601607
728 44840 103320 0.601607
729 41800 102060 0.601607
730 45980 98280 0.601607
731 53960 95760 0.601607
732 73340 91980 0.601607
733 66690 97020 0.601607
734 71820 90720 0.601607
735 67260 102060 0.601607
736 65930 103320 0.601607
737 55480 99540 0.601607
738 54910 102060 0.601607
739 60800 100800 0.601607
740 61940 78120 0.601607
741 63270 71820 0.601607
742 65360 78120 0.601607
743 60800 84420 0.601607
744 66310 85680 0.601607
745 64600 80640 0.601607
746 60990 90720 0.601607
747 59470 95760 0.601607
748 55860 10080 0.601607
749 50540 10080 0.601607
750 45030 6300 0.601607
751 40280 6300 0.601607
752 51110 25200 0.601607
753 67260 21420 0.601607
754 67450 16380 0.601607
755 73720 12600 0.601607
756 77520 13860 0.601607
757 76760 15120 0.601607
758 70110 13860 0.601607
759 65740 15120 0.601607
760 68970 20160 0.601607
761 65740 25200 0.601607
762 66500 28980 0.601607
763 61370 16380 0.601607
764 64220 21420 0.601607
765 50540 17640 0.601607
766 64410 16380 0.601607
767 66120 11340 0.601607
768 63650 13860 0.601607
769 60420 6300 0.601607
770 65360 8820 0.601607
771 64220 6300 0.601607
772 55480 90720 0.601607
773 51300 104580 0.601607
774 51680 100800 0.601607
775 52250 98280 0.601607
776 55860 94500 0.601607
777 68970 35280 0.601607
778 105070 55440 0.601607
779 100320 56700 0.601607
780 108110 52920 0.601607
781 73340 75600 0.601607
782 109060 37800 0.601607
783 109060 31500 0.601607
784 76760 31500 0.601607
785 79230 3780 0.601607
786 95380 11340 0.601607
787 86450 11340 0.601607
788 99560 7560 0.601607
789 99370 11340 0.601607
790 101080 3780 0.601607
791 78470 11340 0.601607
792 80560 12600 0.601607
793 79800 8820 0.601607
794 79800 7560 0.601607
795 82460 6300 0.601607
796 81130 5040 0.601607
797 101080 6300 0.601607
798 100700 2520 0.601607
799 100890 8820 0.601607
800 72580 7560 0.601607
801 102220 0 0.601607
802 83030 10080 0.601607
803 66690 12600 0.601607
804 83980 7560 0.601607
805 87020 10080 0.601607
806 68590 57960 0.601607
807 105070 32760 0.601607
808 89870 57960 0.601607
809 108870 26460 0.601607
810 99370 26460 0.601607
811 92720 5040 0.601607
812 109060 22680 0.601607
813 85500 22680 0.601607
814 92530 12600 0.601607
815 74480 50400 0.601607
816 66500 56700 0.601607
817 68400 63000 0.601607
818 71820 64260 0.601607
819 75430 66780 0.601607
820 71440 63000 0.601607
821 100890 17640 0.601607
822 72390 66780 0.601607
823 67640 60480 0.601607
824 90440 16380 0.601607
825 83030 69300 0.601607
826 87210 54180 0.601607
827 87780 15120 0.601607
828 80750 71820 0.601607
829 102790 40320 0.601607
830 95000 25200 0.601607
831 93100 52920 0.601607
832 87780 61740 0.601607
833 105450 36540 0.601607
834 105070 3780 0.601607
835 106400 30240 0.601607
836 94620 13860 0.601607
837 106590 7560 0.601607
838 98040 50400 0.601607
839 86070 21420 0.601607
840 88920 51660 0.601607
841 84550 65520 0.601607
842 102220 27720 0.601607
843 81890 54180 0.601607
844 82270 20160 0.601607
845 86450 16380 0.601607
846 76380 36540 0.601607
847 101650 35280 0.601607
848 100130 44100 0.601607
849 88730 55440 0.601607
850 84170 60480 0.601607
851 96900 17640 0.601607
852 76950 35280 0.601607
853 75430 39060 0.601607
854 83790 15120 0.601607
855 82840 17640 0.601607
856 72960 35280 0.601607
857 85310 25200 0.601607
858 87970 59220 0.601607
859 105070 31500 0.601607
860 91200 54180 0.601607
861 105070 37800 0.601607
862 106400 45360 0.601607
863 77140 70560 0.601607
864 105260 34020 0.601607
865 82460 50400 0.601607
866 104690 47880 0.601607
867 71820 26460 0.601607
868 95950 18900 0.601607
869 15770 15120 0.601607
870 85500 5040 0.601607
871 108110 44100 0.601607
872 71250 21420 0.601607
873 68780 27720 0.601607
874 99750 41580 0.601607
875 82270 51660 0.601607
876 95190 54180 0.601607
877 95950 15120 0.601607
878 17290 3780 0.601607
879 18430 5040 0.601607
880 73530 68040 0.601607
881 104120 44100 0.601607
882 86640 6300 0.601607
883 71630 23940 0.601607
884 101080 52920 0.601607
885 59470 28980 0.601607
886 109060 32760 0.601607
887 91770 15120 0.601607
888 72390 31500 0.601607
889 72770 28980 0.601607
890 84170 68040 0.601607
891 82460 11340 0.601607
892 79800 16380 0.601607
893 88350 12600 0.601607
894 108110 35280 0.601607
895 72390 32760 0.601607
896 82460 30240 0.601607
897 99180 27720 0.601607
898 92530 8820 0.601607
899 107730 41580 0.601607
900 69350 32760 0.601607
901 109060 40320 0.601607
902 78850 17640 0.601607
903 84550 13860 0.601607
904 108110 46620 0.601607
905 104120 52920 0.601607
906 96330 56700 0.601607
907 105070 51660 0.601607
908 108110 49140 0.601607
909 99180 54180 0.601607
910 46930 28980 0.601607
911 77330 25200 0.601607
912 102030 49140 0.601607
913 97090 52920 0.601607
914 81510 22680 0.601607
915 100700 47880 0.601607
916 78280 64260 0.601607
917 77520 65520 0.601607
918 105070 6300 0.601607
919 65360 70560 0.601607
920 75240 21420 0.601607
921 88160 63000 0.601607
922 77140 69300 0.601607
923 68970 37800 0.601607
924 80560 61740 0.601607
925 68590 39060 0.601607
926 107920 13860 0.601607
927 54910 80640 0.601607
928 75810 18900 0.601607
929 69160 30240 0.601607
930 101080 37800 0.601607
931 75430 32760 0.601607
932 103740 41580 0.601607
933 76190 27720 0.601607
934 100890 51660 0.601607
935 84170 63000 0.601607
936 80560 56700 0.601607
937 77330 63000 0.601607
938 76760 60480 0.601607
939 80370 57960 0.601607
940 92340 56700 0.601607
941 81320 25200 0.601607
942 95380 21420 0.601607
943 72390 36540 0.601607
944 98230 22680 0.601607
945 109060 18900 0.601607
946 99370 20160 0.601607
947 109060 25200 0.601607
948 102980 25200 0.601607
949 107350 16380 0.601607
950 104310 16380 0.601607
951 102410 28980 0.601607
952 106780 39060 0.601607
953 102220 45360 0.601607
954 78470 50400 0.601607
955 0 0 0.601607
956 56430 109620 0.601607
957 44270 109620 0.601607
958 38190 109620 0.601607
959 54530 107100 0.601607
960 37620 107100 0.601607
961 46740 107100 0.601607
962 37240 104580 0.601607
963 42560 105840 0.601607
964 39520 105840 0.601607
965 47310 109620 0.601607
966 53390 109620 0.601607
967 50350 109620 0.601607
968 51490 107100 0.601607
969 49780 105840 0.601607
970 48830 108360 0.601607
971 43700 107100 0.601607
972 45600 105840 0.601607
973 40660 107100 0.601607
974 41230 109620 0.601607
975 39140 103320 0.601607
976 38570 102060 0.601607
977 36100 103320 0.601607
978 35530 105840 0.601607
979 35150 109620 0.601607
980 34580 107100 0.601607
981 32490 105840 0.601607
982 29450 105840 0.601607
983 31350 108360 0.601607
984 26030 109620 0.601607
985 29260 107100 0.601607
986 23940 108360 0.601607
987 8360 17640 0.601607
988 5890 8820 0.601607
989 12730 12600 0.601607
990 5130 15120 0.601607
991 11780 15120 0.601607
992 6080 6300 0.601607
993 5130 10080 0.601607
994 9120 10080 0.601607
995 13110 10080 0.601607
996 4560 12600 0.601607
997 39520 2520 0.601607
998 38000 1260 0.601607
999 36100 0 0.601607
1000 105260 66780 0.601607
1001 106780 68040 0.601607
1002 106020 70560 0.601607
1003 105640 69300 0.601607
1004 103360 65520 0.601607
1005 101460 64260 0.601607
1006 98040 63000 0.601607
1007 98800 60480 0.601607
1008 99370 61740 0.601607
1009 102790 63000 0.601607
1010 109060 56700 0.601607
1011 102980 60480 0.601607
1012 102410 61740 0.601607
1013 106020 60480 0.601607
1014 102980 59220 0.601607
1015 105830 63000 0.601607
1016 107350 61740 0.601607
1017 109060 60480 0.601607
1018 106020 57960 0.601607
1019 105260 56700 0.601607
1020 102980 57960 0.601607
1021 99940 59220 0.601607
1022 109060 50400 0.601607
1023 109060 28980 0.601607
1024 11210 2520 0.601607
1025 83410 102060 0.601607
1026 105830 15120 0.601607
1027 102790 13860 0.601607
1028 103360 11340 0.601607
1029 108870 5040 0.601607
1030 109060 3780 0.601607
1031 107730 1260 0.601607
1032 106210 0 0.601607
1033 107730 108360 0.601607
1034 89680 109620 0.601607
1035 87780 108360 0.601607
1036 86070 109620 0.601607
1037 82460 105840 0.601607
1038 109060 15120 0.601607
1039 98990 13860 0.601607
1040 101270 12600 0.601607
1041 109060 6300 0.601607
1042 85500 105840 0.601607
1043 84360 108360 0.601607
1044 81320 104580 0.601607
1045 74670 103320 0.601607
1046 73150 105840 0.601607
1047 74480 108360 0.601607
1048 76190 105840 0.601607
1049 76380 109620 0.601607
1050 81130 107100 0.601607
1051 79610 109620 0.601607
1052 82650 109620 0.601607
1053 79230 105840 0.601607
1054 77520 104580 0.601607
1055 77900 108360 0.601607
1056 72770 109620 0.601607
1057 70870 108360 0.601607
1058 57760 0 0.601607
1059 53390 1260 0.601607
1060 51680 0 0.601607
1061 48640 0 0.601607
1062 17290 1260 0.601607
1063 15960 0 0.601607
1064 2090 15120 0.601607
1065 0 10080 0.601607
1066 0 7560 0.601607
1067 2850 8820 0.601607
1068 13110 8820 0.601607
1069 12540 7560 0.601607
1070 9500 7560 0.601607
1071 10070 6300 0.601607
1072 8550 1260 0.601607
1073 12920 0 0.601607
1074 9880 0 0.601607
1075 33250 1260 0.601607
1076 19000 0 0.601607
1077 29070 109620 0.601607
1078 32110 109620 0.601607
1079 104690 2520 0.601607
1080 99180 0 0.601607
1081 91770 3780 0.601607
1082 96140 0 0.601607
1083 93100 0 0.601607
1084 90060 0 0.601607
1085 92720 2520 0.601607
1086 89680 1260 0.601607
1087 83790 3780 0.601607
1088 87020 3780 0.601607
1089 87020 0 0.601607
1090 83980 0 0.601607
1091 86070 1260 0.601607
1092 82270 1260 0.601607
1093 80560 0 0.601607
1094 78660 1260 0.601607
1095 76950 0 0.601607
1096 73910 0 0.601607
1097 75810 2520 0.601607
1098 74290 3780 0.601607
1099 72770 1260 0.601607
1100 70870 0 0.601607
1101 69350 1260 0.601607
1102 67830 0 0.601607
1103 62890 1260 0.601607
1104 61180 0 0.601607
1105 54720 0 0.601607
1106 39900 0 0.601607
1107 43700 0 0.601607
1108 45980 1260 0.601607
1109 109060 64260 0.601607
1110 109060 69300 0.601607
1111 109060 57960 0.601607
1112 12540 5040 0.601607
1113 23750 2520 0.601607
1114 26030 0 0.601607
1115 27740 2520 0.601607
1116 29450 3780 0.601607
1117 30020 0 0.601607
1118 31730 2520 0.601607
1119 31730 6300 0.601607
1120 27740 6300 0.601607
1121 22040 0 0.601607
1122 106020 64260 0.601607
1123 109060 63000 0.601607
1124 109060 66780 0.601607
1125 109060 103320 0.601607
1126 41800 1260 0.601607
num wirelib 1
0 0.004 0.000257
num buflib 9
0 buf0.subckt 0 0.757644 0 0
1 buf1.subckt 0 0.885091 0 0
2 buf2.subckt 0 1.288130 0 0
3 buf3.subckt 0 1.455490 0 0
4 buf4.subckt 0 1.590700 0 0
5 buf5.subckt 0 1.949730 0 0
6 buf6.subckt 0 2.310470 0 0
7 buf7.subckt 0 2.532740 0 0
8 buf8.subckt 0 3.788340 0 0
simulation vdd 0.55
limit slew 1000
limit cap 118000
num blockage 0
