0 0 58900 57960
source 0 0 0 0
num sink 229
1 54910 13860 0.601607
2 54720 16380 0.601607
3 4370 39060 0.601607
4 190 41580 0.601607
5 4370 42840 0.601607
6 8930 41580 0.601607
7 8550 44100 0.601607
8 9120 39060 0.601607
9 39330 45360 0.601607
10 38380 42840 0.601607
11 36480 41580 0.601607
12 44840 45360 0.601607
13 32870 37800 0.601607
14 5130 52920 0.601607
15 9500 55440 0.601607
16 9690 54180 0.601607
17 5700 56700 0.601607
18 1140 54180 0.601607
19 1710 56700 0.601607
20 570 45360 0.601607
21 0 47880 0.601607
22 4370 47880 0.601607
23 4560 45360 0.601607
24 190 49140 0.601607
25 1520 51660 0.601607
26 5510 50400 0.601607
27 9500 51660 0.601607
28 8550 46620 0.601607
29 9690 47880 0.601607
30 50920 39060 0.601607
31 50920 42840 0.601607
32 43700 46620 0.601607
33 50920 41580 0.601607
34 42750 42840 0.601607
35 190 37800 0.601607
36 0 40320 0.601607
37 46740 42840 0.601607
38 0 44100 0.601607
39 36860 39060 0.601607
40 50730 36540 0.601607
41 46930 39060 0.601607
42 0 52920 0.601607
43 54910 54180 0.601607
44 54910 51660 0.601607
45 54910 49140 0.601607
46 54910 45360 0.601607
47 54910 44100 0.601607
48 54910 41580 0.601607
49 54910 40320 0.601607
50 54910 39060 0.601607
51 54720 36540 0.601607
52 54910 17640 0.601607
53 54910 20160 0.601607
54 54910 22680 0.601607
55 54910 26460 0.601607
56 54910 28980 0.601607
57 54910 32760 0.601607
58 54910 35280 0.601607
59 29260 54180 0.601607
60 30590 52920 0.601607
61 26790 56700 0.601607
62 31350 51660 0.601607
63 30020 49140 0.601607
64 30780 56700 0.601607
65 46740 56700 0.601607
66 54910 52920 0.601607
67 54910 56700 0.601607
68 54910 0 0.601607
69 54910 2520 0.601607
70 54910 3780 0.601607
71 54910 7560 0.601607
72 54910 10080 0.601607
73 37810 47880 0.601607
74 34770 56700 0.601607
75 33440 54180 0.601607
76 36290 50400 0.601607
77 42180 47880 0.601607
78 38760 56700 0.601607
79 50920 56700 0.601607
80 45600 51660 0.601607
81 42750 56700 0.601607
82 44650 54180 0.601607
83 50920 54180 0.601607
84 40660 54180 0.601607
85 34770 44100 0.601607
86 31350 47880 0.601607
87 30780 45360 0.601607
88 50920 44100 0.601607
89 50730 50400 0.601607
90 54910 47880 0.601607
91 46360 50400 0.601607
92 53010 21420 0.601607
93 46740 2520 0.601607
94 42560 0 0.601607
95 26790 12600 0.601607
96 8170 2520 0.601607
97 16910 12600 0.601607
98 10070 12600 0.601607
99 38380 0 0.601607
100 31920 8820 0.601607
101 22990 6300 0.601607
102 12160 2520 0.601607
103 0 10080 0.601607
104 16150 2520 0.601607
105 4180 13860 0.601607
106 14060 21420 0.601607
107 48830 21420 0.601607
108 50730 0 0.601607
109 41990 11340 0.601607
110 28310 11340 0.601607
111 11020 16380 0.601607
112 0 6300 0.601607
113 0 5040 0.601607
114 26600 0 0.601607
115 34200 0 0.601607
116 20140 2520 0.601607
117 10260 0 0.601607
118 0 1260 0.601607
119 380 2520 0.601607
120 48640 18900 0.601607
121 50920 2520 0.601607
122 42940 10080 0.601607
123 26980 5040 0.601607
124 16530 6300 0.601607
125 8550 15120 0.601607
126 3990 12600 0.601607
127 30970 1260 0.601607
128 28120 2520 0.601607
129 24130 2520 0.601607
130 14440 0 0.601607
131 2090 0 0.601607
132 18430 0 0.601607
133 4940 35280 0.601607
134 20140 20160 0.601607
135 29450 31500 0.601607
136 30780 27720 0.601607
137 46550 17640 0.601607
138 47500 34020 0.601607
139 4370 36540 0.601607
140 3990 32760 0.601607
141 31160 23940 0.601607
142 33440 18900 0.601607
143 34200 20160 0.601607
144 48070 31500 0.601607
145 9120 35280 0.601607
146 19000 35280 0.601607
147 28690 34020 0.601607
148 53010 34020 0.601607
149 54150 27720 0.601607
150 36100 34020 0.601607
151 46740 36540 0.601607
152 49020 32760 0.601607
153 50920 35280 0.601607
154 0 32760 0.601607
155 0 30240 0.601607
156 32300 35280 0.601607
157 35340 22680 0.601607
158 48830 28980 0.601607
159 8360 36540 0.601607
160 10640 34020 0.601607
161 52630 30240 0.601607
162 53010 23940 0.601607
163 52060 31500 0.601607
164 36290 35280 0.601607
165 32300 36540 0.601607
166 43890 37800 0.601607
167 42750 36540 0.601607
168 0 36540 0.601607
169 570 35280 0.601607
170 29450 18900 0.601607
171 48640 23940 0.601607
172 50160 27720 0.601607
173 26600 52920 0.601607
174 25270 54180 0.601607
175 29830 40320 0.601607
176 14250 55440 0.601607
177 22800 56700 0.601607
178 13870 54180 0.601607
179 20900 55440 0.601607
180 21850 52920 0.601607
181 50920 13860 0.601607
182 50920 3780 0.601607
183 38000 11340 0.601607
184 39710 3780 0.601607
185 0 16380 0.601607
186 0 13860 0.601607
187 52820 18900 0.601607
188 52630 8820 0.601607
189 31350 16380 0.601607
190 38570 8820 0.601607
191 7030 16380 0.601607
192 0 15120 0.601607
193 54910 11340 0.601607
194 53010 5040 0.601607
195 39900 17640 0.601607
196 35340 2520 0.601607
197 50730 17640 0.601607
198 50920 10080 0.601607
199 35340 17640 0.601607
200 41420 16380 0.601607
201 190 31500 0.601607
202 0 26460 0.601607
203 3800 21420 0.601607
204 380 23940 0.601607
205 11210 28980 0.601607
206 19380 32760 0.601607
207 0 22680 0.601607
208 190 18900 0.601607
209 10450 27720 0.601607
210 15200 34020 0.601607
211 380 27720 0.601607
212 0 20160 0.601607
213 18620 56700 0.601607
214 28310 36540 0.601607
215 51490 25200 0.601607
216 46550 0 0.601607
217 50730 16380 0.601607
218 25650 3780 0.601607
219 16530 10080 0.601607
220 6270 0 0.601607
221 15390 15120 0.601607
222 39710 1260 0.601607
223 31160 12600 0.601607
224 22610 0 0.601607
225 8740 11340 0.601607
226 0 7560 0.601607
227 0 11340 0.601607
228 14440 17640 0.601607
229 15960 18900 0.601607
num wirelib 1
0 0.004 0.000257
num buflib 9
0 buf0.subckt 0 0.757644 0 0
1 buf1.subckt 0 0.885091 0 0
2 buf2.subckt 0 1.288130 0 0
3 buf3.subckt 0 1.455490 0 0
4 buf4.subckt 0 1.590700 0 0
5 buf5.subckt 0 1.949730 0 0
6 buf6.subckt 0 2.310470 0 0
7 buf7.subckt 0 2.532740 0 0
8 buf8.subckt 0 3.788340 0 0
simulation vdd 0.55
limit slew 1000
limit cap 118000
num blockage 0
