0 0 29830 28980
source 0 0 0 0
num sink 98
1 17670 3780 0.601607
2 14820 15120 0.601607
3 6080 27720 0.601607
4 16150 23940 0.601607
5 5890 20160 0.601607
6 0 21420 0.601607
7 26790 3780 0.601607
8 20330 2520 0.601607
9 15390 21420 0.601607
10 4750 26460 0.601607
11 21470 7560 0.601607
12 23560 2520 0.601607
13 14060 17640 0.601607
14 23750 3780 0.601607
15 18050 5040 0.601607
16 20710 3780 0.601607
17 18240 8820 0.601607
18 11780 6300 0.601607
19 9120 8820 0.601607
20 14820 6300 0.601607
21 6460 12600 0.601607
22 11970 16380 0.601607
23 6270 16380 0.601607
24 0 17640 0.601607
25 23750 25200 0.601607
26 12350 21420 0.601607
27 19950 27720 0.601607
28 14250 26460 0.601607
29 0 23940 0.601607
30 3040 23940 0.601607
31 12160 27720 0.601607
32 15770 27720 0.601607
33 9120 27720 0.601607
34 20900 10080 0.601607
35 21470 26460 0.601607
36 12350 18900 0.601607
37 5890 18900 0.601607
38 22800 17640 0.601607
39 20710 18900 0.601607
40 17670 18900 0.601607
41 24130 22680 0.601607
42 13110 23940 0.601607
43 23940 20160 0.601607
44 3040 21420 0.601607
45 8360 17640 0.601607
46 19760 6300 0.601607
47 26790 0 0.601607
48 26790 2520 0.601607
49 21470 1260 0.601607
50 18430 1260 0.601607
51 14820 2520 0.601607
52 12160 11340 0.601607
53 5320 15120 0.601607
54 15200 8820 0.601607
55 0 6300 0.601607
56 5510 11340 0.601607
57 26790 25200 0.601607
58 23940 15120 0.601607
59 9690 1260 0.601607
60 14630 0 0.601607
61 21660 12600 0.601607
62 3040 7560 0.601607
63 5510 1260 0.601607
64 17860 10080 0.601607
65 23750 27720 0.601607
66 11590 0 0.601607
67 3800 17640 0.601607
68 26600 10080 0.601607
69 2660 18900 0.601607
70 3040 27720 0.601607
71 25080 21420 0.601607
72 26790 23940 0.601607
73 26030 18900 0.601607
74 26600 16380 0.601607
75 26410 13860 0.601607
76 26790 8820 0.601607
77 26790 6300 0.601607
78 24700 12600 0.601607
79 0 12600 0.601607
80 15010 5040 0.601607
81 8170 0 0.601607
82 0 27720 0.601607
83 17860 26460 0.601607
84 0 10080 0.601607
85 0 13860 0.601607
86 0 8820 0.601607
87 26790 27720 0.601607
88 3040 0 0.601607
89 0 5040 0.601607
90 0 25200 0.601607
91 23750 8820 0.601607
92 0 2520 0.601607
93 0 0 0.601607
94 0 20160 0.601607
95 2090 3780 0.601607
96 6080 7560 0.601607
97 8740 6300 0.601607
98 0 15120 0.601607
num wirelib 1
0 0.004 0.000257
num buflib 9
0 buf0.subckt 0 0.757644 0 0
1 buf1.subckt 0 0.885091 0 0
2 buf2.subckt 0 1.288130 0 0
3 buf3.subckt 0 1.455490 0 0
4 buf4.subckt 0 1.590700 0 0
5 buf5.subckt 0 1.949730 0 0
6 buf6.subckt 0 2.310470 0 0
7 buf7.subckt 0 2.532740 0 0
8 buf8.subckt 0 3.788340 0 0
simulation vdd 0.55
limit slew 1000
limit cap 118000
num blockage 0
