0 0 183540 182700
source 0 0 0 0
num sink 818
1 127680 22680 0.601607
2 121790 28980 0.601607
3 93100 25200 0.601607
4 98800 31500 0.601607
5 104880 30240 0.601607
6 113240 27720 0.601607
7 83220 94500 0.601607
8 82270 95760 0.601607
9 82840 99540 0.601607
10 80560 85680 0.601607
11 148200 41580 0.601607
12 136420 90720 0.601607
13 80560 98280 0.601607
14 116280 151200 0.601607
15 135280 148680 0.601607
16 129960 146160 0.601607
17 144400 31500 0.601607
18 121980 30240 0.601607
19 89110 23940 0.601607
20 98800 32760 0.601607
21 103550 28980 0.601607
22 111720 31500 0.601607
23 79230 94500 0.601607
24 68590 99540 0.601607
25 74860 100800 0.601607
26 75430 86940 0.601607
27 148770 42840 0.601607
28 136610 93240 0.601607
29 61940 102060 0.601607
30 129010 148680 0.601607
31 141170 147420 0.601607
32 137940 146160 0.601607
33 144780 32760 0.601607
34 121980 31500 0.601607
35 98610 36540 0.601607
36 91390 54180 0.601607
37 105070 32760 0.601607
38 107540 31500 0.601607
39 78280 95760 0.601607
40 83030 97020 0.601607
41 84930 102060 0.601607
42 87020 84420 0.601607
43 144020 39060 0.601607
44 135470 95760 0.601607
45 84170 100800 0.601607
46 112860 152460 0.601607
47 117990 149940 0.601607
48 133190 147420 0.601607
49 118750 23940 0.601607
50 119510 26460 0.601607
51 93480 26460 0.601607
52 87590 52920 0.601607
53 92340 22680 0.601607
54 104880 23940 0.601607
55 73530 90720 0.601607
56 73530 98280 0.601607
57 72580 99540 0.601607
58 76570 85680 0.601607
59 144020 37800 0.601607
60 132430 90720 0.601607
61 63840 100800 0.601607
62 110960 146160 0.601607
63 112670 153720 0.601607
64 121030 142380 0.601607
65 127300 23940 0.601607
66 123500 26460 0.601607
67 98420 30240 0.601607
68 99370 54180 0.601607
69 95950 23940 0.601607
70 112670 28980 0.601607
71 90250 95760 0.601607
72 90440 98280 0.601607
73 99750 117180 0.601607
74 95760 88200 0.601607
75 144020 40320 0.601607
76 132620 91980 0.601607
77 96900 114660 0.601607
78 108870 143640 0.601607
79 133950 144900 0.601607
80 122170 143640 0.601607
81 131290 23940 0.601607
82 127490 26460 0.601607
83 97280 28980 0.601607
84 95380 54180 0.601607
85 99940 23940 0.601607
86 108110 25200 0.601607
87 86260 95760 0.601607
88 85880 98280 0.601607
89 78850 100800 0.601607
90 74290 88200 0.601607
91 148010 40320 0.601607
92 161690 109620 0.601607
93 59850 100800 0.601607
94 111720 148680 0.601607
95 124830 147420 0.601607
96 137180 147420 0.601607
97 112290 151200 0.601607
98 122170 148680 0.601607
99 133950 146160 0.601607
100 130340 25200 0.601607
101 123310 25200 0.601607
102 89110 25200 0.601607
103 91010 83160 0.601607
104 97090 25200 0.601607
105 108870 23940 0.601607
106 94430 98280 0.601607
107 96140 102060 0.601607
108 101080 118440 0.601607
109 90440 97020 0.601607
110 144970 34020 0.601607
111 163400 108360 0.601607
112 98230 115920 0.601607
113 127110 20160 0.601607
114 120080 27720 0.601607
115 96710 27720 0.601607
116 99370 56700 0.601607
117 101080 25200 0.601607
118 108680 28980 0.601607
119 95570 99540 0.601607
120 96520 108360 0.601607
121 96330 113400 0.601607
122 96520 105840 0.601607
123 152000 40320 0.601607
124 164540 102060 0.601607
125 102220 119700 0.601607
126 108870 141120 0.601607
127 118370 147420 0.601607
128 122360 144900 0.601607
129 165680 153720 0.601607
130 157890 148680 0.601607
131 154470 151200 0.601607
132 157510 151200 0.601607
133 165300 152460 0.601607
134 160170 147420 0.601607
135 154850 148680 0.601607
136 160550 151200 0.601607
137 163590 151200 0.601607
138 171760 154980 0.601607
139 168720 153720 0.601607
140 160360 161280 0.601607
141 158460 162540 0.601607
142 156370 161280 0.601607
143 175180 127260 0.601607
144 178600 126000 0.601607
145 171760 128520 0.601607
146 179550 128520 0.601607
147 157510 180180 0.601607
148 161690 181440 0.601607
149 157700 181440 0.601607
150 179550 142380 0.601607
151 179550 153720 0.601607
152 179550 148680 0.601607
153 179550 139860 0.601607
154 179550 144900 0.601607
155 159600 166320 0.601607
156 149150 163800 0.601607
157 136230 165060 0.601607
158 145160 166320 0.601607
159 155610 160020 0.601607
160 152380 162540 0.601607
161 139270 165060 0.601607
162 155420 162540 0.601607
163 152570 160020 0.601607
164 158080 171360 0.601607
165 157130 172620 0.601607
166 153140 172620 0.601607
167 159410 168840 0.601607
168 160170 170100 0.601607
169 179550 156240 0.601607
170 179550 163800 0.601607
171 179550 168840 0.601607
172 171570 181440 0.601607
173 175560 181440 0.601607
174 173660 180180 0.601607
175 179550 181440 0.601607
176 179170 180180 0.601607
177 179550 178920 0.601607
178 179550 157500 0.601607
179 179550 158760 0.601607
180 179550 161280 0.601607
181 144400 167580 0.601607
182 112480 165060 0.601607
183 113810 167580 0.601607
184 113050 166320 0.601607
185 113810 157500 0.601607
186 113810 161280 0.601607
187 112480 162540 0.601607
188 113050 158760 0.601607
189 114570 156240 0.601607
190 125780 166320 0.601607
191 121790 160020 0.601607
192 126160 165060 0.601607
193 143450 170100 0.601607
194 142880 171360 0.601607
195 140030 167580 0.601607
196 140030 168840 0.601607
197 138890 171360 0.601607
198 125210 181440 0.601607
199 132810 178920 0.601607
200 131480 180180 0.601607
201 145730 181440 0.601607
202 153710 181440 0.601607
203 145540 180180 0.601607
204 34770 181440 0.601607
205 63460 160020 0.601607
206 28120 163800 0.601607
207 35340 170100 0.601607
208 28310 157500 0.601607
209 36860 161280 0.601607
210 27740 162540 0.601607
211 34580 165060 0.601607
212 28310 158760 0.601607
213 149530 180180 0.601607
214 153520 180180 0.601607
215 149720 181440 0.601607
216 26410 181440 0.601607
217 30780 181440 0.601607
218 29260 180180 0.601607
219 25460 180180 0.601607
220 37620 180180 0.601607
221 20140 165060 0.601607
222 19950 163800 0.601607
223 16150 165060 0.601607
224 21470 180180 0.601607
225 18430 181440 0.601607
226 22420 181440 0.601607
227 5320 173880 0.601607
228 0 173880 0.601607
229 8360 171360 0.601607
230 7600 175140 0.601607
231 8360 167580 0.601607
232 20140 178920 0.601607
233 175940 80640 0.601607
234 165870 80640 0.601607
235 163970 85680 0.601607
236 156940 88200 0.601607
237 165110 86940 0.601607
238 166060 83160 0.601607
239 165110 98280 0.601607
240 168150 86940 0.601607
241 168150 85680 0.601607
242 174230 97020 0.601607
243 178790 85680 0.601607
244 174800 85680 0.601607
245 176320 84420 0.601607
246 180120 81900 0.601607
247 165300 104580 0.601607
248 165300 105840 0.601607
249 166060 109620 0.601607
250 178030 98280 0.601607
251 179550 97020 0.601607
252 179550 84420 0.601607
253 179170 114660 0.601607
254 179550 113400 0.601607
255 179550 112140 0.601607
256 179550 115920 0.601607
257 166250 113400 0.601607
258 179550 117180 0.601607
259 176700 45360 0.601607
260 153710 36540 0.601607
261 153710 37800 0.601607
262 154280 41580 0.601607
263 152760 42840 0.601607
264 157890 37800 0.601607
265 155990 40320 0.601607
266 158460 42840 0.601607
267 155990 44100 0.601607
268 164730 35280 0.601607
269 164350 34020 0.601607
270 160360 34020 0.601607
271 180500 59220 0.601607
272 180120 46620 0.601607
273 178220 34020 0.601607
274 179170 36540 0.601607
275 179550 37800 0.601607
276 179550 56700 0.601607
277 179550 50400 0.601607
278 179550 44100 0.601607
279 179550 79380 0.601607
280 179550 74340 0.601607
281 179550 78120 0.601607
282 179550 68040 0.601607
283 179550 71820 0.601607
284 179550 69300 0.601607
285 36860 97020 0.601607
286 40850 80640 0.601607
287 40470 79380 0.601607
288 43700 86940 0.601607
289 41040 81900 0.601607
290 40850 84420 0.601607
291 40850 85680 0.601607
292 52440 88200 0.601607
293 39900 83160 0.601607
294 36860 80640 0.601607
295 36480 79380 0.601607
296 37050 81900 0.601607
297 16910 94500 0.601607
298 19760 95760 0.601607
299 6270 120960 0.601607
300 2280 120960 0.601607
301 7030 118440 0.601607
302 2090 108360 0.601607
303 4370 109620 0.601607
304 0 109620 0.601607
305 8170 98280 0.601607
306 0 94500 0.601607
307 7980 95760 0.601607
308 8740 117180 0.601607
309 9120 115920 0.601607
310 380 110880 0.601607
311 37240 132300 0.601607
312 40850 114660 0.601607
313 48830 103320 0.601607
314 46930 112140 0.601607
315 38380 100800 0.601607
316 45600 113400 0.601607
317 53390 103320 0.601607
318 49780 104580 0.601607
319 41040 102060 0.601607
320 31160 138600 0.601607
321 30210 139860 0.601607
322 26600 138600 0.601607
323 18430 138600 0.601607
324 18620 139860 0.601607
325 380 162540 0.601607
326 0 161280 0.601607
327 3420 163800 0.601607
328 8170 165060 0.601607
329 11400 163800 0.601607
330 12160 165060 0.601607
331 22040 158760 0.601607
332 22040 157500 0.601607
333 21850 156240 0.601607
334 8550 162540 0.601607
335 9120 160020 0.601607
336 8740 158760 0.601607
337 18620 129780 0.601607
338 33440 115920 0.601607
339 34010 119700 0.601607
340 37240 117180 0.601607
341 33630 112140 0.601607
342 34010 114660 0.601607
343 33820 120960 0.601607
344 34200 117180 0.601607
345 35530 113400 0.601607
346 16340 127260 0.601607
347 11970 126000 0.601607
348 12350 127260 0.601607
349 19000 132300 0.601607
350 19570 133560 0.601607
351 12730 143640 0.601607
352 8740 143640 0.601607
353 11020 142380 0.601607
354 8360 127260 0.601607
355 7220 123480 0.601607
356 6080 122220 0.601607
357 6840 139860 0.601607
358 6270 132300 0.601607
359 7220 141120 0.601607
360 7410 163800 0.601607
361 4560 162540 0.601607
362 6080 161280 0.601607
363 54340 86940 0.601607
364 38380 94500 0.601607
365 57190 99540 0.601607
366 44460 93240 0.601607
367 37430 93240 0.601607
368 36670 95760 0.601607
369 54150 99540 0.601607
370 52820 90720 0.601607
371 51300 93240 0.601607
372 34580 98280 0.601607
373 30590 99540 0.601607
374 34580 99540 0.601607
375 22420 80640 0.601607
376 26790 86940 0.601607
377 18240 73080 0.601607
378 9310 78120 0.601607
379 14630 85680 0.601607
380 4370 110880 0.601607
381 3990 94500 0.601607
382 0 93240 0.601607
383 8930 75600 0.601607
384 0 70560 0.601607
385 16720 84420 0.601607
386 12350 95760 0.601607
387 12920 94500 0.601607
388 7980 94500 0.601607
389 116660 21420 0.601607
390 102790 22680 0.601607
391 108110 20160 0.601607
392 108110 22680 0.601607
393 113620 21420 0.601607
394 105070 21420 0.601607
395 111150 20160 0.601607
396 108300 21420 0.601607
397 113430 23940 0.601607
398 121220 22680 0.601607
399 118180 22680 0.601607
400 103360 6300 0.601607
401 103170 5040 0.601607
402 101270 7560 0.601607
403 113620 17640 0.601607
404 114190 20160 0.601607
405 116470 18900 0.601607
406 127490 16380 0.601607
407 127300 15120 0.601607
408 126730 17640 0.601607
409 125210 0 0.601607
410 129200 0 0.601607
411 128630 1260 0.601607
412 133950 12600 0.601607
413 134140 10080 0.601607
414 131100 13860 0.601607
415 94620 7560 0.601607
416 83600 17640 0.601607
417 81890 21420 0.601607
418 86260 21420 0.601607
419 78660 20160 0.601607
420 83600 18900 0.601607
421 83600 20160 0.601607
422 86640 18900 0.601607
423 80180 18900 0.601607
424 63460 13860 0.601607
425 67260 15120 0.601607
426 67260 16380 0.601607
427 87400 10080 0.601607
428 91200 7560 0.601607
429 87020 8820 0.601607
430 91580 5040 0.601607
431 91010 6300 0.601607
432 80180 3780 0.601607
433 80180 0 0.601607
434 79990 1260 0.601607
435 62320 11340 0.601607
436 63270 12600 0.601607
437 61370 2520 0.601607
438 57380 1260 0.601607
439 61370 1260 0.601607
440 57570 0 0.601607
441 38760 21420 0.601607
442 31540 64260 0.601607
443 37430 61740 0.601607
444 40090 54180 0.601607
445 62700 39060 0.601607
446 34010 63000 0.601607
447 37430 59220 0.601607
448 38950 56700 0.601607
449 62890 40320 0.601607
450 0 68040 0.601607
451 14250 73080 0.601607
452 0 65520 0.601607
453 27740 12600 0.601607
454 38190 22680 0.601607
455 0 44100 0.601607
456 0 42840 0.601607
457 0 41580 0.601607
458 0 31500 0.601607
459 0 20160 0.601607
460 0 21420 0.601607
461 0 15120 0.601607
462 380 17640 0.601607
463 0 18900 0.601607
464 54530 0 0.601607
465 41990 10080 0.601607
466 50730 5040 0.601607
467 52060 2520 0.601607
468 53580 7560 0.601607
469 47310 8820 0.601607
470 53580 8820 0.601607
471 51870 3780 0.601607
472 50350 7560 0.601607
473 12350 12600 0.601607
474 15010 10080 0.601607
475 12730 11340 0.601607
476 50540 1260 0.601607
477 50540 0 0.601607
478 46550 0 0.601607
479 41610 1260 0.601607
480 43510 0 0.601607
481 0 7560 0.601607
482 11970 3780 0.601607
483 0 10080 0.601607
484 38000 2520 0.601607
485 37050 1260 0.601607
486 36290 0 0.601607
487 13300 0 0.601607
488 21850 1260 0.601607
489 14440 1260 0.601607
490 140600 27720 0.601607
491 147060 23940 0.601607
492 148010 26460 0.601607
493 10450 1260 0.601607
494 21280 0 0.601607
495 760 12600 0.601607
496 162640 15120 0.601607
497 143830 27720 0.601607
498 140410 26460 0.601607
499 144970 30240 0.601607
500 148010 30240 0.601607
501 144020 23940 0.601607
502 169480 35280 0.601607
503 168720 32760 0.601607
504 169480 34020 0.601607
505 167200 16380 0.601607
506 168150 15120 0.601607
507 179550 1260 0.601607
508 179550 7560 0.601607
509 179550 0 0.601607
510 179170 41580 0.601607
511 179550 28980 0.601607
512 179550 27720 0.601607
513 179550 40320 0.601607
514 179550 31500 0.601607
515 179170 32760 0.601607
516 179550 12600 0.601607
517 179550 10080 0.601607
518 179550 11340 0.601607
519 136990 15120 0.601607
520 131100 20160 0.601607
521 131670 21420 0.601607
522 136040 23940 0.601607
523 140410 22680 0.601607
524 134520 18900 0.601607
525 131290 18900 0.601607
526 136040 22680 0.601607
527 137370 20160 0.601607
528 166630 12600 0.601607
529 166440 13860 0.601607
530 166630 10080 0.601607
531 140980 12600 0.601607
532 144020 12600 0.601607
533 137180 0 0.601607
534 141170 0 0.601607
535 133190 0 0.601607
536 170240 1260 0.601607
537 170240 0 0.601607
538 169860 5040 0.601607
539 136610 1260 0.601607
540 140600 1260 0.601607
541 132620 1260 0.601607
542 160170 0 0.601607
543 169290 7560 0.601607
544 167580 8820 0.601607
545 33630 45360 0.601607
546 33250 55440 0.601607
547 33060 52920 0.601607
548 29070 59220 0.601607
549 0 61740 0.601607
550 34770 49140 0.601607
551 33440 61740 0.601607
552 28690 63000 0.601607
553 0 56700 0.601607
554 7600 55440 0.601607
555 1520 55440 0.601607
556 8740 56700 0.601607
557 10260 73080 0.601607
558 26030 75600 0.601607
559 28310 79380 0.601607
560 29070 76860 0.601607
561 26030 80640 0.601607
562 21280 75600 0.601607
563 21850 74340 0.601607
564 21850 81900 0.601607
565 22040 76860 0.601607
566 23560 113400 0.601607
567 27550 113400 0.601607
568 29260 112140 0.601607
569 22040 110880 0.601607
570 20520 112140 0.601607
571 22610 117180 0.601607
572 19570 115920 0.601607
573 20520 109620 0.601607
574 34580 128520 0.601607
575 25650 119700 0.601607
576 30970 118440 0.601607
577 25840 120960 0.601607
578 22610 128520 0.601607
579 26220 127260 0.601607
580 30210 127260 0.601607
581 22420 131040 0.601607
582 24700 104580 0.601607
583 26600 99540 0.601607
584 34960 102060 0.601607
585 29070 104580 0.601607
586 19190 105840 0.601607
587 19190 107100 0.601607
588 23180 105840 0.601607
589 22990 108360 0.601607
590 109630 177660 0.601607
591 110390 178920 0.601607
592 90440 177660 0.601607
593 85310 175140 0.601607
594 89300 176400 0.601607
595 85690 173880 0.601607
596 89680 172620 0.601607
597 89490 171360 0.601607
598 116280 180180 0.601607
599 114380 178920 0.601607
600 113430 176400 0.601607
601 114000 177660 0.601607
602 117990 177660 0.601607
603 118370 178920 0.601607
604 110200 181440 0.601607
605 112290 180180 0.601607
606 148770 35280 0.601607
607 124640 22680 0.601607
608 143070 35280 0.601607
609 123120 23940 0.601607
610 121220 44100 0.601607
611 120270 42840 0.601607
612 135470 45360 0.601607
613 143450 41580 0.601607
614 119130 41580 0.601607
615 146110 44100 0.601607
616 145540 42840 0.601607
617 132810 44100 0.601607
618 104310 44100 0.601607
619 158080 36540 0.601607
620 153520 35280 0.601607
621 156750 35280 0.601607
622 155610 34020 0.601607
623 155990 18900 0.601607
624 158270 31500 0.601607
625 95570 17640 0.601607
626 95190 2520 0.601607
627 95380 6300 0.601607
628 97090 10080 0.601607
629 101080 16380 0.601607
630 96520 15120 0.601607
631 102410 1260 0.601607
632 102220 3780 0.601607
633 140220 16380 0.601607
634 146490 18900 0.601607
635 152380 31500 0.601607
636 142500 18900 0.601607
637 143450 17640 0.601607
638 135660 13860 0.601607
639 140410 15120 0.601607
640 139650 13860 0.601607
641 88350 22680 0.601607
642 100890 20160 0.601607
643 94620 21420 0.601607
644 88160 17640 0.601607
645 91960 16380 0.601607
646 90630 21420 0.601607
647 91770 8820 0.601607
648 96330 12600 0.601607
649 37620 45360 0.601607
650 37810 40320 0.601607
651 33630 42840 0.601607
652 38190 36540 0.601607
653 38190 32760 0.601607
654 33440 59220 0.601607
655 39900 47880 0.601607
656 29450 61740 0.601607
657 40470 51660 0.601607
658 41230 41580 0.601607
659 41610 45360 0.601607
660 36480 57960 0.601607
661 760 54180 0.601607
662 30020 57960 0.601607
663 36480 51660 0.601607
664 11210 71820 0.601607
665 32490 79380 0.601607
666 33060 76860 0.601607
667 30020 75600 0.601607
668 27360 85680 0.601607
669 21660 83160 0.601607
670 28120 83160 0.601607
671 32110 83160 0.601607
672 20710 85680 0.601607
673 27170 114660 0.601607
674 31540 113400 0.601607
675 34580 109620 0.601607
676 30020 119700 0.601607
677 19570 114660 0.601607
678 26980 118440 0.601607
679 25270 112140 0.601607
680 22990 118440 0.601607
681 19000 134820 0.601607
682 31160 122220 0.601607
683 30780 126000 0.601607
684 24130 126000 0.601607
685 25460 124740 0.601607
686 26980 123480 0.601607
687 30590 128520 0.601607
688 22990 129780 0.601607
689 30210 109620 0.601607
690 30020 105840 0.601607
691 34390 100800 0.601607
692 30020 108360 0.601607
693 25270 103320 0.601607
694 26030 100800 0.601607
695 34200 107100 0.601607
696 23750 98280 0.601607
697 69350 162540 0.601607
698 64600 170100 0.601607
699 60610 177660 0.601607
700 64410 173880 0.601607
701 65930 163800 0.601607
702 61560 176400 0.601607
703 58330 163800 0.601607
704 64600 165060 0.601607
705 71250 163800 0.601607
706 64980 175140 0.601607
707 85690 172620 0.601607
708 86070 170100 0.601607
709 87210 167580 0.601607
710 68400 173880 0.601607
711 83220 166320 0.601607
712 87210 166320 0.601607
713 38570 23940 0.601607
714 38000 39060 0.601607
715 33820 41580 0.601607
716 165110 118440 0.601607
717 176510 124740 0.601607
718 164350 115920 0.601607
719 169670 122220 0.601607
720 169480 127260 0.601607
721 165870 128520 0.601607
722 165110 131040 0.601607
723 168340 64260 0.601607
724 168340 63000 0.601607
725 169100 70560 0.601607
726 168530 66780 0.601607
727 167010 68040 0.601607
728 169100 71820 0.601607
729 164160 56700 0.601607
730 164160 61740 0.601607
731 176700 122220 0.601607
732 175370 123480 0.601607
733 167390 123480 0.601607
734 171380 123480 0.601607
735 165680 122220 0.601607
736 168910 126000 0.601607
737 163590 136080 0.601607
738 163780 133560 0.601607
739 159410 23940 0.601607
740 156370 26460 0.601607
741 157320 28980 0.601607
742 152380 26460 0.601607
743 157320 27720 0.601607
744 155230 32760 0.601607
745 157320 30240 0.601607
746 158840 22680 0.601607
747 95950 16380 0.601607
748 101840 0 0.601607
749 99370 6300 0.601607
750 95760 8820 0.601607
751 100320 11340 0.601607
752 100510 15120 0.601607
753 96140 1260 0.601607
754 95570 5040 0.601607
755 147440 22680 0.601607
756 147820 20160 0.601607
757 151620 21420 0.601607
758 153140 25200 0.601607
759 143450 22680 0.601607
760 153330 28980 0.601607
761 148390 31500 0.601607
762 131290 15120 0.601607
763 93290 18900 0.601607
764 99750 21420 0.601607
765 94430 13860 0.601607
766 90440 13860 0.601607
767 91390 20160 0.601607
768 90820 15120 0.601607
769 90630 12600 0.601607
770 89870 11340 0.601607
771 167960 59220 0.601607
772 166630 51660 0.601607
773 162450 46620 0.601607
774 168150 60480 0.601607
775 161690 50400 0.601607
776 162640 51660 0.601607
777 160550 45360 0.601607
778 163020 47880 0.601607
779 164730 117180 0.601607
780 179170 127260 0.601607
781 169480 133560 0.601607
782 165110 124740 0.601607
783 170810 131040 0.601607
784 171760 129780 0.601607
785 166060 129780 0.601607
786 170620 132300 0.601607
787 170430 78120 0.601607
788 169860 69300 0.601607
789 168910 76860 0.601607
790 169860 75600 0.601607
791 164920 76860 0.601607
792 168910 74340 0.601607
793 165110 78120 0.601607
794 168530 73080 0.601607
795 164730 132300 0.601607
796 174610 126000 0.601607
797 165490 156240 0.601607
798 165490 127260 0.601607
799 166060 154980 0.601607
800 169670 137340 0.601607
801 167580 134820 0.601607
802 169290 136080 0.601607
803 160740 17640 0.601607
804 155610 20160 0.601607
805 159790 35280 0.601607
806 159600 20160 0.601607
807 155420 23940 0.601607
808 151430 23940 0.601607
809 133380 17640 0.601607
810 168150 56700 0.601607
811 167960 54180 0.601607
812 156560 45360 0.601607
813 163970 54180 0.601607
814 167960 57960 0.601607
815 167010 50400 0.601607
816 156560 46620 0.601607
817 159030 44100 0.601607
818 166440 114660 0.601607
num wirelib 1
0 0.004 0.000257
num buflib 9
0 buf0.subckt 0 0.757644 0 0
1 buf1.subckt 0 0.885091 0 0
2 buf2.subckt 0 1.288130 0 0
3 buf3.subckt 0 1.455490 0 0
4 buf4.subckt 0 1.590700 0 0
5 buf5.subckt 0 1.949730 0 0
6 buf6.subckt 0 2.310470 0 0
7 buf7.subckt 0 2.532740 0 0
8 buf8.subckt 0 3.788340 0 0
simulation vdd 0.55
limit slew 1000
limit cap 118000
num blockage 0
